NIRE,Empresa,Município,Month,Year,Type
35213130342,H M M CONSTRUTORA E LOCADORA DE ANDAIMES LTDA - ME,JANDIRA,6,1995,Capital Industria
35213130342,H M M CONSTRUTORA E LOCADORA DE ANDAIMES LTDA - ME,JANDIRA,6,1995,Capital Industria
35300139267,INVISTA NYLON SUL AMERICANA S.A.,AMERICANA,6,1995,Sociedade por Acoes
35300142268,CDMA PARTICIPACOES S.A,SAO PAULO,6,1995,Sociedade por Acoes
35300142276,PARTICIPACOES ABC LTDA.,SAO PAULO,6,1995,Sociedade por Acoes
35300142292,S.A. DE EDUCACAO PRUDENTINA,PRESIDENTE PRUDENTE,6,1995,Sociedade por Acoes
35300142306,INVESTCO S/A,SAO PAULO,6,1995,Sociedade por Acoes
35300142314,SELBRA PARTICIPACOES S/A.,SAO PAULO,6,1995,Sociedade por Acoes
35300142322,"BSP - CREDITO, FINANCIAMENTO E INVESTIMENTO S/A.",SAO PAULO,6,1995,Sociedade por Acoes
35300142331,CONSTRUTORA WASSERMAN S.A.,SAO PAULO,6,1995,Sociedade por Acoes
35300142349,EDS - INDUSTRIA DE ESTIRENO S.A.,SAO BERNARDO DO CAMPO,6,1995,Sociedade por Acoes
35300142357,S. H. PARTICIPACOES S.A.,SAO PAULO,6,1995,Sociedade por Acoes
35300142365,AMILI S/A PARTICIPACOES,LENCOIS PAULISTA,6,1995,Sociedade por Acoes
35300142373,PLB ADMINISTRACAO DE BENS E PARTICIPACOES S/A.,JUNDIAI,6,1995,Sociedade por Acoes
35300142381,SELTAX TECNOLOGIA S/A,SAO PAULO,6,1995,Sociedade por Acoes
35300142390,PGM ADMINISTRACAO DE BENS E PARTICIPACOES S.A.,JUNDIAI,6,1995,Sociedade por Acoes
35300142403,VALENTIN FELTRIN EMPREENDIMENTOS E PARTICIPACOES S.A.,NOVA ODESSA,6,1995,Sociedade por Acoes
35300142411,INTERNATIONAL PHARMACEUTICAL IMMUNOLOGY DO BRASIL S/A.,SAO PAULO,6,1995,Sociedade por Acoes
35300142420,ABC-BRASIL PARTICIPACOES S.A.,SAO PAULO,6,1995,Sociedade por Acoes
35300142438,HOSPITAL LA SANTE S.A.,SAO PAULO,6,1995,Sociedade por Acoes
35300142446,AGRICAL S/A.,RIBEIRAO BRANCO,6,1995,Sociedade por Acoes
35300142454,CONSTRUTORA EUROPA S/A,SAO PAULO,6,1995,Sociedade por Acoes
35300142462,CHEMOTECNICA SINTYAL DO BRASIL S.A.,SAO PAULO,6,1995,Sociedade por Acoes
35300160029,"KOSMOS COMERCIO DE VESTUARIO S/A - ""INABILITADA PARA EXERCER ATIVIDADE EMPRESARIAL""",SAO PAULO,6,1995,Sociedade por Acoes
35400035731,COOPERATIVA AGROPECUARIA DA REGIAO BRAGANTINA,BRAGANCA PAULISTA,6,1995,Cooperativa
35400035749,COFASI- COOPERATIVA DOS FUNCIONARIOS ASSOCIADOS EM ENTIDADE SINDICAIS DE ITAPEVA E REGIAO.,ITAPEVA,6,1995,Cooperativa
35400035757,COOPERATIVA DE TRABALHO MEDICO DE ALTINOPOLIS,ALTINOPOLIS,6,1995,Cooperativa
35400035765,COOPERATIVA MEDICA DE ANESTESISTAS DE SAO PAULO LTDA. - COMASP - EM LIQUIDACAO,SAO PAULO,6,1995,Cooperativa
35400035773,COOPERATIVA HABITACIONAL DOS EMPREGADOS NO COMERCIO DE SAO PAULO,SAO PAULO,6,1995,Cooperativa
35400035781,CCIAC COOPERATIVA COMERCIAL INDUSTRIAL AGRICOLA DE CAMPINAS,CAMPINAS,6,1995,Cooperativa
35400035790,COOPERATIVA DE ENSINO DE MARILIA.,MARILIA,6,1995,Cooperativa
35400035811,COOPERATIVA HABITACIONAL DEZESSEIS DE DEZEMBRO,SAO PAULO,6,1995,Cooperativa
35400035820,COOPERATIVA HABITACIONAL DE INTERESSE SOCIAL UNIAO BANDEIRANTE - COOPUNIAO,SANTO ANDRE,6,1995,Cooperativa
35400035838,COOPERATIVA DE COMERCIALIZACAO E PRESTACAO DE SERVICO DOS ASSENTADOS DE REFORMA AGRARIA DO PONTAL,TEODORO SAMPAIO,6,1995,Cooperativa
35400035846,COOPERATIVA DE TRABALHO SOLTEC - SOLUCOES TECNICAS SOCIEDADE COOPERATIVA,SAO PAULO,6,1995,Cooperativa
35400035854,COOPERATIVA DE TRABALHO DOS TRABALHADORES RURAIS DE MATAO E REGIAO - COOPERTRAM.,MATAO,6,1995,Cooperativa
35400035862,COOPERATIVA DE TRABALHO DOS TRABALHADORES RURAIS DE PORTO FERREIRA E REGIAO.,PORTO FERREIRA,6,1995,Cooperativa
35400035871,COOPERATIVA DE TRABALHO DOS CARREGADORES E ENSACADORES DO ESTADO DE SAO PAULO,SAO PAULO,6,1995,Cooperativa
35400035889,COOPERAMIGOS - COOPERATIVA HABITACIONAL NOVO MILLENIO,SAO PAULO,6,1995,Cooperativa
35400035897,"COOPERATIVA MISTA DE TRABALHO E CONSUMO DOS TRABALHADORES EM HOTEIS, BARES, RESTAURANTES, CASAS DE DIVERSAO, FEIRA",SAO PAULO,6,1995,Cooperativa
35400035901,"COPROCAF, COOPERATIVA DE PROFISSIONAIS EM ATENCAO A CRIANCA, ADOLESCENTE E FAMILIA.",SAO PAULO,6,1995,Cooperativa
35400035919,COOPERATIVA DOS COLHEDORES DE CITRUS LTDA,TAIUVA,6,1995,Cooperativa
35400035927,UNIPREV - COOPERATIVA DE SERVICOS EM BENEFICIOS PREVIDENCIARIOS E MEDICINA DO TRABALHO,SAO PAULO,6,1995,Cooperativa
35400039876,PROHAB COOPERATIVA HABITACIONAL,SAO PAULO,6,1995,Cooperativa
35400035897,"COOPERATIVA MISTA DE TRABALHO E CONSUMO DOS TRABALHADORES EM HOTEIS, BARES, RESTAURANTES, CASAS DE DIVERSAO, FEIRA",SAO PAULO,6,1995,Cooperativa
35400035901,"COPROCAF, COOPERATIVA DE PROFISSIONAIS EM ATENCAO A CRIANCA, ADOLESCENTE E FAMILIA.",SAO PAULO,6,1995,Cooperativa
35400035919,COOPERATIVA DOS COLHEDORES DE CITRUS LTDA,TAIUVA,6,1995,Cooperativa
35400035927,UNIPREV - COOPERATIVA DE SERVICOS EM BENEFICIOS PREVIDENCIARIOS E MEDICINA DO TRABALHO,SAO PAULO,6,1995,Cooperativa
35400039876,PROHAB COOPERATIVA HABITACIONAL,SAO PAULO,6,1995,Cooperativa
35500022886,CONSORCIO AGUA ESPRAIADA,SAO PAULO,6,1995,Consorcio
35500022894,CONSORCIO AEG/CMEL,SAO PAULO,6,1995,Consorcio
35500022886,CONSORCIO AGUA ESPRAIADA,SAO PAULO,6,1995,Consorcio
35500022894,CONSORCIO AEG/CMEL,SAO PAULO,6,1995,Consorcio
35109372041,LUIZ ANTONIO GUIMARAES SJCAMPOS,SÃO JOSÉ DOS CAMPOS,6,1995,Empresario
35109372084,NELSON IZECSON,SÃO PAULO,6,1995,Empresario
35109372149,JULIO LUIZ DOS SANTOS JUNIOR,SÃO PAULO,6,1995,Empresario
35113156471,CARLOS A. FELIX SJCAMPOS,SÃO JOSÉ DOS CAMPOS,6,1995,Empresario
35113616502,JAIME NAZARO CAVALCANTE,SÃO PAULO,6,1995,Empresario
35113662814,LUIZ ALVES BATISTA-MOTUCA,MOTUCA,6,1995,Empresario
35113664302,MARGARIDA MARIA FERREIRA DE MATAO,MATÃO,6,1995,Empresario
35113664906,S C PEREIRA CALCADOS,SÃO PAULO,6,1995,Empresario
35113701526,PAULINO DOMINGUES DE OLIVEIRA,SÃO PAULO,6,1995,Empresario
35113809734,LUIZ H MACHADO,SÃO JOSÉ DOS CAMPOS,6,1995,Empresario
35113827996,ERNESTO HERMANN GUTIERREZ TAMBAU,TAMBAÚ,6,1995,Empresario
35113828399,EDMILSON ALVES DE ARAUJO,CUBATÃO,6,1995,Empresario
35113831934,MARIA JOSE SILVA DE MORAES,DIADEMA,6,1995,Empresario
35113831977,VALTER ALCALA,IPERÓ,6,1995,Empresario
35113851196,SIMONE CHAGAS DE CERQUEIRA,SANTOS,6,1995,Empresario
35113854471,KATIA HELENA CHAN,SÃO PAULO,6,1995,Empresario
35113857593,JACIRA ANDRADE SILVA FERRAZ,SÃO PAULO,6,1995,Empresario
35113861078,EDILSON RICARDO PAPASSIDRO,TAQUARITINGA,6,1995,Empresario
35113861086,JOSE ROBERTO PEDROSO ALVES,PEDREIRA,6,1995,Empresario
35113861094,MANOEL MATEUS SOARES,GUARULHOS,6,1995,Empresario
35113861108,ANA MEIRE CARVALHO DE MEDEIROS MAGAZINE,SÃO PAULO,6,1995,Empresario
35113861116,DAVID MOREIRA ANDRADINA,ANDRADINA,6,1995,Empresario
35113861124,MARCIA HELENA FERREIRA ORLOSKI ARARAQUARA,ARARAQUARA,6,1995,Empresario
35113861132,MARIA HELENA G F FAVARO,ANDRADINA,6,1995,Empresario
35113861141,INES APARECIDA MIRAGLIA,BOTUCATU,6,1995,Empresario
35113861159,SILVIO CESAR STRUMINSKI,ITARARÉ,6,1995,Empresario
35113861167,NEUSA MARIA SEABRA,REGISTRO,6,1995,Empresario
35113861175,S.A.MANNA FOLTRAN DOS SANTOS,TATUÍ,6,1995,Empresario
35113861183,ALEXANDRE FILGUEIRAS GUIMARAES,SANTOS,6,1995,Empresario
35113861191,J A C BECHELLI SAO VICENTE,SÃO VICENTE,6,1995,Empresario
35113861205,MARCELO MARQUES VALVERDE NOVIS,SÃO VICENTE,6,1995,Empresario
35113861213,ANTONIA ADAIZA B N DE FREITAS,SÃO PAULO,6,1995,Empresario
35113861221,ROSEMAR APARECIDA ASSIS,SÃO PAULO,6,1995,Empresario
35113861230,GERALDINO DE SOUZA SANTOS,FRANCO DA ROCHA,6,1995,Empresario
35113861248,ANTONIO CELSO MACEDO ITAPEVA,ITAPEVA,6,1995,Empresario
35113861256,SEBASTIAO DIAS DA SILVA ITABERA,ITABERÁ,6,1995,Empresario
35113861264,MARCOS EVALDO DE OLIVEIRA LEITE,VÁRZEA PAULISTA,6,1995,Empresario
35113861272,A DE S MAIA JOSE BONIFACIO,JOSÉ BONIFÁCIO,6,1995,Empresario
35113861281,MARIO GERALDO DE OLIVEIRA,PORTO FERREIRA,6,1995,Empresario
35113861299,C.M.HONORATO,SANTA CRUZ DO RIO PARDO,6,1995,Empresario
35113861302,ARGEMIRO LOPES DA SILVA COTIA,COTIA,6,1995,Empresario
35113861311,GILBERTO AMADO DE ANDRE,PIRANGI,6,1995,Empresario
35113861329,ADEMIR APARECIDO RAYMUNDO,PIRANGI,6,1995,Empresario
35113861337,ARLINDO JOAO DOS SANTOS SEGURANCA,SÃO PAULO,6,1995,Empresario
35113861345,WLAMIR CONSTIM SADAGORSKI LANCHETERIA,SÃO PAULO,6,1995,Empresario
35113861353,MARIA CREMILDE FEITOSA MERCEARIA,SÃO PAULO,6,1995,Empresario
35113861361,JOSE RICARDO DOS SANTOS MANUTENCAO,ITAPEVI,6,1995,Empresario
35113861370,LEONIDES SILVERIO DA CONCEICAO CARAGUA,CARAGUATATUBA,6,1995,Empresario
35113861388,P H C SISTE MARMORES,JAGUARIÚNA,6,1995,Empresario
35113861396,J. V. DE TOLEDO,PEDREIRA,6,1995,Empresario
35113861400,ANTONIO ROSA DA SILVA FILHO,ALTINÓPOLIS,6,1995,Empresario
35113861418,VIRJINIA DO CARMO FERNANDES LEME,ITARARÉ,6,1995,Empresario
35113861426,NELSON NEVES JUNIOR,SÃO JOÃO DA BOA VISTA,6,1995,Empresario
35113861434,A-N-DE SOUZA MECANICA,SÃO PAULO,6,1995,Empresario
35113861442,M-R-DOS SANTOS REIS,SÃO PAULO,6,1995,Empresario
35113861451,EURIQUES SA TELES,BATATAIS,6,1995,Empresario
35113861469,TEREZA CRISTINA CARVALHO DE OLIVEIRA,TATUÍ,6,1995,Empresario
35113861477,L H DE LIMA,SÃO JOSÉ DO BARREIRO,6,1995,Empresario
35113861485,JAIME DE ANDRADE CARAPICUIBA,CARAPICUÍBA,6,1995,Empresario
35113861493,DAVID AUGUSTO MENDES,JALES,6,1995,Empresario
35113861507,JESUS BARBOSA,SÃO PAULO,6,1995,Empresario
35113861515,DAVID GOMES DE ALMEIDA,PILAR DO SUL,6,1995,Empresario
35113861523,DULCELENA DA COSTA VILLELA,,6,1995,Empresario
35113861531,E.G. DE OLIVEIRA MOGI GUACU,,6,1995,Empresario
35113861540,MARILDA NOGUEIRA FRANCO PINHEIRO,URÂNIA,6,1995,Empresario
35113861558,MARCELO MARTIM RODRIGUES DA SILVA,ITAPETININGA,6,1995,Empresario
35113861566,PEDRO FIGUEIREDO MATOS,RIO GRANDE DA SERRA,6,1995,Empresario
35113861574,MARIA MADALENA MOREIRA RIBEIRO,ORLÂNDIA,6,1995,Empresario
35113861582,MARIA DAS GRACAS VILAS BOAS BORGES,ORLÂNDIA,6,1995,Empresario
35113861591,MARIA DORA ALVES DA ROCHA LIMA,SÃO MIGUEL ARCANJO,6,1995,Empresario
35113861604,CLEIDE GOMES DO NASCIMENTO,IBATÉ,6,1995,Empresario
35113861612,JOAO ISRAEL DE ALMEIDA RIO PRETO,SÃO JOSÉ DO RIO PRETO,6,1995,Empresario
35113861621,DEJALMI OLIVEIRA SOUZA PALESTINA,PALESTINA,6,1995,Empresario
35113861639,EURIPEDES APARECIDO CARDOSO,ICÉM,6,1995,Empresario
35113861647,J.RODRIGUES JUNIOR S J DO RIO PRETO,SÃO JOSÉ DO RIO PRETO,6,1995,Empresario
35113861655,JOAO ANTONIO TEIXEIRA JUNIOR S J DO RIO PRETO,SÃO JOSÉ DO RIO PRETO,6,1995,Empresario
35113861663,JOAO DE SOUZA RIBEIRO ICEM,ICÉM,6,1995,Empresario
35113861671,ODETE IZILDINHA DA SILVA MANGONARI RIO PRETO,SÃO JOSÉ DO RIO PRETO,6,1995,Empresario
35113861680,OSORIO CARDOSO RIO PRETO,SÃO JOSÉ DO RIO PRETO,6,1995,Empresario
35113861698,ROSIMEIRE B S BRONCA,ORINDIÚVA,6,1995,Empresario
35113861701,RUBENS SILVEIRA JUNIOR,MIRASSOL,6,1995,Empresario
35113861710,V.L.DE SOUZA SIMEAO,ORINDIÚVA,6,1995,Empresario
35113861728,VERA LUCIA PEREIRA MELO,MONTE APRAZÍVEL,6,1995,Empresario
35113861736,ROSIMEIRE FERNANDES NEVES CASTILHO,SÃO JOSÉ DO RIO PRETO,6,1995,Empresario
35113861744,SERGIO RICARDO BATISTA,ARAÇATUBA,6,1995,Empresario
35113861752,LUIZ CARLOS SIMOES RAINHO,BIRIGÜI,6,1995,Empresario
35113861761,ROSA MARIA MARTINS MOTA,ARAÇATUBA,6,1995,Empresario
35113861779,R DE SALVARES VACCARI,LIMEIRA,6,1995,Empresario
35113861787,OVIDIO SCANAVACHI,SANTO ANTÔNIO DO JARDIM,6,1995,Empresario
35113861795,JORGE LUIZ NAVEGANTE,BOCAINA,6,1995,Empresario
35113861809,TELMA MURTA CONSANI,ILHABELA,6,1995,Empresario
35113861817,JOSE ROBERTO MANTOVANI GONCALEZ,,6,1995,Empresario
35113861825,CLAUDIO TOME - GUARANI D OESTE,,6,1995,Empresario
35113861833,A C DE OLIVEIRA MERCADINHO,UBATUBA,6,1995,Empresario
35113861841,LUIZ BEDONI JUNIOR S J CAMPOS,SÃO JOSÉ DOS CAMPOS,6,1995,Empresario
35113861850,J D R FUKUSHIMA,SÃO JOSÉ DOS CAMPOS,6,1995,Empresario
35113861868,A.R.C DE OLIVEIRA CARDOSO,JOSÉ BONIFÁCIO,6,1995,Empresario
35113861876,LAZARA DAS GRACAS BONETI FRANCO,FRANCA,6,1995,Empresario
35113861884,MARCELO ALVES MIRON FRANCA,FRANCA,6,1995,Empresario
35113861892,ANTONIO NASCIMENTO DOS SANTOS PAULO DE FARIA,PAULO DE FARIA,6,1995,Empresario
35113861906,J.L. LOPES TANABI,TANABI,6,1995,Empresario
35113861914,AURISMAR BELEM MOREIRA,SÃO JOSÉ DO RIO PRETO,6,1995,Empresario
35113861922,DONIZETI APARECIDO RUSSAFA,COSMORAMA,6,1995,Empresario
35113861931,DORCELINO VIVEIROS,COSMORAMA,6,1995,Empresario
35113861949,DORIVAL ANTONIO DE ABREU,FERNANDÓPOLIS,6,1995,Empresario
35113861957,HUMBERTO CARLOS BAPTISTELA,SÃO JOSÉ DO RIO PRETO,6,1995,Empresario
35113861965,PAULINA YANGUAS DA SILVA,SÃO PAULO,6,1995,Empresario
35113861973,JAIR FERREIRA MACATUBA,MACATUBA,6,1995,Empresario
35113861981,CARLOS VIEIRA LIMA,SANTO ANDRÉ,6,1995,Empresario
35113861990,MARIA AP MARRARA GONCALVES,LIMEIRA,6,1995,Empresario
35113862007,MARCELO BERALDO,LIMEIRA,6,1995,Empresario
35113862015,SUEKATSU SAWAMURA,DIADEMA,6,1995,Empresario
35113862023,ROBERTO R ARAUJO COSMOPOLIS,COSMÓPOLIS,6,1995,Empresario
35113862031,MARCIA E H LANDINO,SÃO JOSÉ DOS CAMPOS,6,1995,Empresario
35113862040,EMILIA ROSA DE SOUZA MERCEARIA,RIBEIRÃO PRETO,6,1995,Empresario
35113862066,SOLANGE DE JESUS CARVALHO,MARÍLIA,6,1995,Empresario
35113862074,A C TEIXEIRA CORTES,FRANCA,6,1995,Empresario
35113862082,REGINA CELIA GODOI DA SILVA FRANCA,FRANCA,6,1995,Empresario
35113862091,CLAUDIA DOMINGOS FRANCA,FRANCA,6,1995,Empresario
35113862104,ANGELA CRISTINA DE OLIVEIRA BORGES,FRANCA,6,1995,Empresario
35113862112,ADEVAL GAMA DOS SANTOS FRANCA,FRANCA,6,1995,Empresario
35113862121,AGNALDO RAIMUNDO,FRANCA,6,1995,Empresario
35113862139,SILVANIA APARECIDA ALVES FRANCA,FRANCA,6,1995,Empresario
35113862147,J L DA SILVA PESPONTO,FRANCA,6,1995,Empresario
35113862155,AIRSON REIS RODRIGUES FRANCA,FRANCA,6,1995,Empresario
35113862163,KLEBER RICARDO RODRIGUES FRANCA,FRANCA,6,1995,Empresario
35113862171,L C DE CAMARGO NEVES,CAMPINAS,6,1995,Empresario
35113862180,A A REGAZZINI,CAMPINAS,6,1995,Empresario
35113862198,SUELI SANTOS LOPES,PRESIDENTE PRUDENTE,6,1995,Empresario
35113862201,J S TONETTO INFORMATICA,PRESIDENTE PRUDENTE,6,1995,Empresario
35113862210,VALDIR APARECIDO ESCOLA PIRAPOZINHO,PIRAPOZINHO,6,1995,Empresario
35113862228,MAURICIO GOMES DA COSTA P PRUDENTE,PRESIDENTE PRUDENTE,6,1995,Empresario
35113862236,APARECIDO CARLOS DA SILVA RIO PRETO,SÃO JOSÉ DO RIO PRETO,6,1995,Empresario
35113862244,JOYCE SAYURI MITSUNAGA,BAURU,6,1995,Empresario
35113862252,CLAUDINEI JOSE GONCALVES,CERQUILHO,6,1995,Empresario
35113862261,LUCELIA APARECIDA MOREIRA,CERQUILHO,6,1995,Empresario
35113862279,CLEUZA DINIZ DE OLIVEIRA,CONCHAL,6,1995,Empresario
35113862287,H G DE LIMA BAR,JOSÉ BONIFÁCIO,6,1995,Empresario
35113862295,J ELIAS DA SILVA TRANSPORTES,OURINHOS,6,1995,Empresario
35113862309,IRACEMA DE SOUZA OURINHOS,OURINHOS,6,1995,Empresario
35113862414,CICERO ELIAS DA COSTA MODAS,SÃO PAULO,6,1995,Empresario
35113862422,VERA LUCIA PORTARI,SANTO ANDRÉ,6,1995,Empresario
35113862431,DORIVAL VICCIOLI,CÂNDIDO MOTA,6,1995,Empresario
35113862449,APARECIDO ADAO PALMA,JAÚ,6,1995,Empresario
35113862457,ANNA MARTINS MERCEARIA,SANTA BRANCA,6,1995,Empresario
35113862465,TEREZINHA ANTONIO DO AMARAL MARQUES,CÂNDIDO MOTA,6,1995,Empresario
35113862473,HILTON SCALON P VENCESLAU,PRESIDENTE VENCESLAU,6,1995,Empresario
35113862481,ANTONIO CARLOS DO SACRAMENTO BEBIDAS,SÃO PAULO,6,1995,Empresario
35113862490,MARIA DA CONCEIÇÃO RODRIGUES ARTIGOS RELIGIOSOS,BIRITIBA-MIRIM,6,1995,Empresario
35113862503,FRANCISCO GUTIERRE BALOTTI,CAMPO LIMPO PAULISTA,6,1995,Empresario
35113862511,B DO CARMO VIDAL BAR E LANCHES,CARAPICUÍBA,6,1995,Empresario
35113862520,LUCI TEIXEIRA PRESENTES,SÃO PAULO,6,1995,Empresario
35113862538,MARIA APARECIDA FRANCO DE MENEZES,SÃO BERNARDO DO CAMPO,6,1995,Empresario
35113862546,JOAO CARLOS DE JESUS FESTAS,PAULICÉIA,6,1995,Empresario
35113862554,ROBERTO OJIMA ATIBAIA,ATIBAIA,6,1995,Empresario
35113862562,NELCI BATISTA REIS,SÃO PAULO,6,1995,Empresario
35113862571,ADRIANA VERISSIMO MATIAS CONFECÇOES,FERRAZ DE VASCONCELOS,6,1995,Empresario
35113862589,JOSE MIGUEL MONTEIRO SOARES CARDOSO,SÃO PAULO,6,1995,Empresario
35113862597,JOAO DALTON DAIBERT ITAPETININGA,ITAPETININGA,6,1995,Empresario
35113862601,CONCEICAO APARECIDA PEREIRA FERNANDES DE OLIVEIRA,MONGAGUÁ,6,1995,Empresario
35113862619,ISMALIA BEATRIZ GIOLO REGO,ITUVERAVA,6,1995,Empresario
35113862627,MARCIA MARTINEZ DECORACAO,SANTOS,6,1995,Empresario
35113862635,VALMIR CARLOS OLIVEIRA,SÃO CARLOS,6,1995,Empresario
35113862643,PERICLES LEAO SAMPAIO,IBITINGA,6,1995,Empresario
35113862651,SANDRO FERNANDO MAGRO,,6,1995,Empresario
35113862660,A.P. VASCONCELOS,TATUÍ,6,1995,Empresario
35113862678,IDA CECERE MATHIAS COMERCIO DE ACESSORIOS EM GERAL,SÃO PAULO,6,1995,Empresario
35113862686,A.DELLAQUA NASI PRESENTES,ÁGUAS DE LINDÓIA,6,1995,Empresario
35113862694,NESTOR ZACHEU,AMERICANA,6,1995,Empresario
35113862708,ALEXANDRE HAMILTON DOS SANTOS PULITI,TIETÊ,6,1995,Empresario
35113862716,IZAIAS SERGIO MASSARANDUBA,PRESIDENTE PRUDENTE,6,1995,Empresario
35113862724,A.J. POSSIGNOLLO FLORICULTURA,SANTA BÁRBARA D'OESTE,6,1995,Empresario
35113862732,EDVALDO BRAZ FANTUZZO,BARRA BONITA,6,1995,Empresario
35113862741,AFONSO BATISTA CAVERNA,SÃO PAULO,6,1995,Empresario
35113862759,JOSE CARLOS PETELIN BAZAR,SÃO PAULO,6,1995,Empresario
35113862767,JOAO FRANCISCO VALENTIN,SÃO PAULO,6,1995,Empresario
35113862775,ANGELA APARECIDA ERCOLIN BARRETO,ITATIBA,6,1995,Empresario
35113862783,J.G. DE ARRUDA,SÃO PAULO,6,1995,Empresario
35113862791,MARIA IZABEL NOVAES VILELLA,BURITAMA,6,1995,Empresario
35113862805,LUIZ ANTONIO BRAGA CRUZ,AVARÉ,6,1995,Empresario
35113862813,MARIA REIS ALEXANDRE GALERA,ITAPECERICA DA SERRA,6,1995,Empresario
35113862821,CARLOS ALBERTO MATOS DO NASCIMENTO FEIRANTE,SÃO PAULO,6,1995,Empresario
35113862830,J B JORGE CESTA BASICA,SÃO PAULO,6,1995,Empresario
35113862848,VALDELICE MARIA DE J SOUZA FEIRANTE,SÃO PAULO,6,1995,Empresario
35113862856,CELINA MARIA COELHO,SÃO PAULO,6,1995,Empresario
35113862864,DOMINGOS SILVIO DE ANDRADE,BATATAIS,6,1995,Empresario
35113862872,ELISETE APARECIDA FIORI,SÃO BERNARDO DO CAMPO,6,1995,Empresario
35113862881,SANDRA DA SILVA ATIBAIA,ATIBAIA,6,1995,Empresario
35113862899,JOSE IAMUNDO SOBRINHO BAZAR,SANTO ANDRÉ,6,1995,Empresario
35113862902,ANTONIO JOSE BALDIOTTI TEIXEIRA,QUINTANA,6,1995,Empresario
35113862911,SILVANIA CIQUEIRA,SÃO PAULO,6,1995,Empresario
35113862929,ALCIDES DOMINGUES,CAJATI,6,1995,Empresario
35113862937,JOAO FERREIRA SILVA FEIRANTE,SÃO PAULO,6,1995,Empresario
35113862945,MARIA JANAIARA OLIVEIRA DELGADO BAR,SÃO PAULO,6,1995,Empresario
35113862953,VALDIR GONCALVES DE OLIVEIRA FRUTAS,SÃO PAULO,6,1995,Empresario
35113862961,SALVADOR GUTIERREZ DE FREITAS,SÃO PAULO,6,1995,Empresario
35113862970,MARCIO FERREIRA DA PAIXAO,BARRA BONITA,6,1995,Empresario
35113862988,JOAO BATISTA OLIMPIO,PRESIDENTE BERNARDES,6,1995,Empresario
35113862996,SONIA MARIA FONSECA DA SILVA BAZAR,SÃO BERNARDO DO CAMPO,6,1995,Empresario
35113863003,A F SERAFIM CEREAIS,CASA BRANCA,6,1995,Empresario
35113863011,JOSE BUENO MOREIRA GUARAREMA,GUARAREMA,6,1995,Empresario
35113863020,ANTONIO M T QUINTANA,ARARAQUARA,6,1995,Empresario
35113863038,DINIZ PEREIRA GUARAREMA,GUARAREMA,6,1995,Empresario
35113863046,DEOCAR EUDES CARMELLO,SANTOS,6,1995,Empresario
35113863054,MARIO ARMILLEI FILHO,SÃO PAULO,6,1995,Empresario
35113863062,EDJAILSON ANDRADE DA SILVA,RIBEIRÃO PIRES,6,1995,Empresario
35113863071,PAULO HENRIQUE DE MORAIS CACONDE,CACONDE,6,1995,Empresario
35113863089,CLAUDEMIR DA SILVA ANDRADINA,ANDRADINA,6,1995,Empresario
35113863097,NERISVALDO COSTA EVANGELISTA,SÃO PAULO,6,1995,Empresario
35113863101,SUELI DA SILVA RAINHA GUARARAPES,GUARARAPES,6,1995,Empresario
35113863119,JOAO ROBERTO DE OLIVEIRA-JALES,JALES,6,1995,Empresario
35113863127,SIDNEY BERGO,JUNDIAÍ,6,1995,Empresario
35113863135,ALCIDES DOMINGOS JUNDIAI,JUNDIAÍ,6,1995,Empresario
35113863143,ROSANGELA NUNES DE MOURA LORENA,LORENA,6,1995,Empresario
35113863151,ROSA HELENA SCALAO DELFINO,PRESIDENTE VENCESLAU,6,1995,Empresario
35113863160,SIDNEI ANDRADE GUIMARAES,PIRATININGA,6,1995,Empresario
35113863178,SANDRA CRISTINA COUTO AMARO,FERNANDÓPOLIS,6,1995,Empresario
35113863186,O A FERREIRA LORENA,LORENA,6,1995,Empresario
35113863194,GISELE GARCIA BATISTA DO NASCIMENTO FEIRANTE,SÃO PAULO,6,1995,Empresario
35113863208,TEODORO RITZINGER ITANHAEM,ITANHAÉM,6,1995,Empresario
35113863216,ALEX LUCIANO BERNARDINO CARLOS,ASSIS,6,1995,Empresario
35113863224,JOSE CLAUDIO MARCHI,PIRASSUNUNGA,6,1995,Empresario
35113863232,JOANA DE PAULO DINIS,ARARAQUARA,6,1995,Empresario
35113863241,JAIR LANCA,BAURU,6,1995,Empresario
35113863259,VALDOMIRO FLORENTINO,RIO CLARO,6,1995,Empresario
35113863267,RAIMUNDO LUCIANO DE OLIVEIRA ARARAQUARA,ARARAQUARA,6,1995,Empresario
35113863275,SONIA MARIA COSTA REGISTRO,REGISTRO,6,1995,Empresario
35113863283,ALCIR JOSE ZAVATTI,ARARAQUARA,6,1995,Empresario
35113863291,BENEDITO APARECIDO CARLOS MATAO,MATÃO,6,1995,Empresario
35113863305,MARIA JOSE FRANCO MANTOVANI,JAÚ,6,1995,Empresario
35113863313,DRAQUIMA VIRDA TOGNOLI TESTA,SÃO PAULO,6,1995,Empresario
35113863321,JOAO ARY NOGUEIRA,SÃO PEDRO,6,1995,Empresario
35113863330,ROSANGELA TEODORO DE BARROS CLARO,CAMPINA DO MONTE ALEGRE,6,1995,Empresario
35113863348,NELSON RODRIGUES-MERCADINHO,MAUÁ,6,1995,Empresario
35113863356,P.R.DE MELO-MOVEIS USADOS,SÃO PAULO,6,1995,Empresario
35113863364,LINCOLN ADRIEN CUNHA JUNIOR,SÃO PAULO,6,1995,Empresario
35113863372,JOAO BATISTA DE SOUZA BOMBONIERI,SÃO PAULO,6,1995,Empresario
35113863381,WON OK BAEK,SÃO PAULO,6,1995,Empresario
35113863399,CHANG HANG LEE,SÃO PAULO,6,1995,Empresario
35113863402,ALEXANDRE SILVA D'AVILA FEIRANTE,GUARULHOS,6,1995,Empresario
35113863411,ROBSON REGIS MASURA,CARAPICUÍBA,6,1995,Empresario
35113863429,NILSON FRANCISCO DOS PASSOS,SÃO PAULO,6,1995,Empresario
35113863437,SALVADOR DE FREITAS MERCEARIA,EUCLIDES DA CUNHA PAULISTA,6,1995,Empresario
35113863445,IVA MARIA DE MORAES,LARANJAL PAULISTA,6,1995,Empresario
35113863453,ELISABETE MACEDO LEMES,APARECIDA,6,1995,Empresario
35113863461,VERA LUCIA MOLINA SOROCABA,SOROCABA,6,1995,Empresario
35113863470,ALEXANDRE PRESTES VIANA,SÃO ROQUE,6,1995,Empresario
35113863488,EDSON MONTEIRO PACHECO,APARECIDA,6,1995,Empresario
35113863496,SADAKON MINAKATA,IGUAPE,6,1995,Empresario
35113863500,CLEIFER APARECIDA UEMURA,COTIA,6,1995,Empresario
35113863518,JOSE C. DOS SANTOS PECAS,SÃO PAULO,6,1995,Empresario
35113863526,EDVALDO VIEIRA DE ASSIS,SÃO PAULO,6,1995,Empresario
35113863534,RAQUEL GOMES DE MENDONCA ARARAS,SÃO PAULO,6,1995,Empresario
35113863542,LUIZ PEDRO SIMONI CORRETAGEM DE SEGUROS,CAMPINAS,6,1995,Empresario
35113863551,KLEBER ALESSANDRO DE MORAES,GUARULHOS,6,1995,Empresario
35113863569,RAIMUNDO BORGES DA SILVA,SÃO PAULO,6,1995,Empresario
35113863577,CARLOS ROBERTO ALVES FRUTAS,SÃO PAULO,6,1995,Empresario
35113863585,MARCIO SCHETTINI,SÃO PAULO,6,1995,Empresario
35113863593,CARLOS EMILIO FERREIRA MERCEARIA E AVICOLA,ITAQUAQUECETUBA,6,1995,Empresario
35113863607,JOAO DA COSTA PEREIRA BIJUTERIAS,PRESIDENTE VENCESLAU,6,1995,Empresario
35113863615,MARIA DE LOURDES DOS SANTOS RODRIGUES,POPULINA,6,1995,Empresario
35113863623,VERA LUCIA CRISTENSEN FELICIO ACOUGUE,SÃO PAULO,6,1995,Empresario
35113863631,CLEIDE DE FATIMA FANTE BORGES AGUAI,AGUAÍ,6,1995,Empresario
35113863640,JOAO LUIZ CABRAL SILVA CAMPOS DO JORDAO,CAMPOS DO JORDÃO,6,1995,Empresario
35113863658,CLAUDEMIR ANTONIO ALVES,ITARIRI,6,1995,Empresario
35113863666,ANA PAULA GONZALEZ DA S CORREA DE SOUZA,AMÉRICO DE CAMPOS,6,1995,Empresario
35113863674,ANTONIO PAULO CLARO SEVERINIA,,6,1995,Empresario
35113863682,ROSA MARIA DE LIMA AMARAL CAPAO BONITO,CAPÃO BONITO,6,1995,Empresario
35113863691,CLAUDINEI GOMES DO AMARAL CAPAO BONITO,CAPÃO BONITO,6,1995,Empresario
35113863704,JOSE G DE ARAUJO MERCEARIA,,6,1995,Empresario
35113863721,GIUSEPPE RICCO,JARINU,6,1995,Empresario
35113863739,ROSANA OLIVEIRA DA SILVA BAURU,BAURU,6,1995,Empresario
35113863747,VANDERLEI MARTINEZ LAURINDO,SÃO BERNARDO DO CAMPO,6,1995,Empresario
35113863755,WANDERLEY DE CARVALHO JUNIOR,CATANDUVA,6,1995,Empresario
35113863763,AMELIA KASTELIC CRISTI,ASSIS,6,1995,Empresario
35113863771,ADRIANO RICARDO BETTIN AUTOMECANICA,ITATIBA,6,1995,Empresario
35113863780,JOSE EDUARDO COELHO DA CRUZ,UBATUBA,6,1995,Empresario
35113863798,REGINA REZENDE PEREZ,DIADEMA,6,1995,Empresario
35113863801,ALICE FERNANDES MELQUIADES,SÃO PAULO,6,1995,Empresario
35113863810,IRACEMA CASARIN PIRACICABA,PIRACICABA,6,1995,Empresario
35113863828,GILBERTO LOPES DE MORAIS,MARÍLIA,6,1995,Empresario
35113863836,JOSE CARLOS ZUCCHINI,SÃO PAULO,6,1995,Empresario
35113863844,JOAO FERREIRA PITA,OSASCO,6,1995,Empresario
35113863852,GLAUCO ROSANTE,SÃO PAULO,6,1995,Empresario
35113863861,ANTONIO CARLOS QUINTEIRO,SÃO CAETANO DO SUL,6,1995,Empresario
35113863879,P F DE A NEVES,OSASCO,6,1995,Empresario
35113863887,MARIA JOSE VIEIRA SOLINA,DOURADO,6,1995,Empresario
35113863895,ADAO ZILIOTO OLIVEIRA,ITAPIRA,6,1995,Empresario
35113863909,MARIA JOSE GUEDES PEREIRA,GUARULHOS,6,1995,Empresario
35113863917,CRISCIANE PAULA DE SOUZA,OURINHOS,6,1995,Empresario
35113863925,PATRICIA TAVEIRA GEMMA,VALINHOS,6,1995,Empresario
35113863933,EDNO VIEIRA P VENCESLAU,PRESIDENTE VENCESLAU,6,1995,Empresario
35113863941,CLEIDE MARIA SERRA MANSO CAMPINAS,CAMPINAS,6,1995,Empresario
35113863950,EDNALDO SOARES COSTA COUROS,PATROCÍNIO PAULISTA,6,1995,Empresario
35113863968,JOAO PEREIRA DA SILVA FILHO CONFECCOES,AGUDOS,6,1995,Empresario
35113863976,ANTONIO FRANCISCO CARVALHO BIJOUTERIAS,OSASCO,6,1995,Empresario
35113863984,RENATO BATISTA LOPES,CAMPINAS,6,1995,Empresario
35113863992,CLAUDEMIR VAZ DE LIMA RELOGIOS,HOLAMBRA,6,1995,Empresario
35113864000,FERNANDO G.DOS SANTOS,SUMARÉ,6,1995,Empresario
35113864018,PAULO ELCIO PORTOCCI,,6,1995,Empresario
35113864026,ANGELA MARIA BERENGUEL REPRESENTACOES,BAURU,6,1995,Empresario
35113864034,MARIA ZULEIKA DE CAMPOS DE CARVALHO,PONTAL,6,1995,Empresario
35113864042,ALICE LEITE MARCONDES,SERTÃOZINHO,6,1995,Empresario
35113864051,MARCOS ANTONIO TREVISAN VINHEDO,VINHEDO,6,1995,Empresario
35113864069,ISAIAS ALVES BARBOSA ITAPEVI,ITAPEVI,6,1995,Empresario
35113864077,CRISTNA PAULO MONTEIRO,CAMPINAS,6,1995,Empresario
35113864085,DIOGENES GARCIA REIS,,6,1995,Empresario
35113864093,LUCIA SINKEVICIUS,SÃO PAULO,6,1995,Empresario
35113864107,NEIVA DO PRADO QUEIROZ,CAMPINAS,6,1995,Empresario
35113864115,APARECIDO ROBERTO MARCAL,RIBEIRÃO PRETO,6,1995,Empresario
35113864123,ROSALINA DE OLIVEIRA KRAUSS,SANTA ISABEL,6,1995,Empresario
35113864131,TEREZA GOVETTI,CAMPINA DO MONTE ALEGRE,6,1995,Empresario
35113864140,ROGERIO DE MORAES LATICINIOS,SÃO CARLOS,6,1995,Empresario
35113864158,EVERALDO FIRMINO DA SILVA RECICLAGEM,BRAÚNA,6,1995,Empresario
35113864166,ZAQUEU OZORIO,GUARATINGUETÁ,6,1995,Empresario
35113864174,NELSON GONCALVES FILHO,ILHA SOLTEIRA,6,1995,Empresario
35113864182,ADRIANO SILVA GUILHERMINO,ILHA SOLTEIRA,6,1995,Empresario
35113864191,ROSE ELISABETE MIGAS,SÃO PAULO,6,1995,Empresario
35113864204,RODRIGO LEAL DE BARROS,SÃO PAULO,6,1995,Empresario
35113864212,SIVIO CESAR PADOVESI,ÁGUAS DA PRATA,6,1995,Empresario
35113864221,JOSEFA FERREIRA DE LIMA ATIBAIA,ATIBAIA,6,1995,Empresario
35113864247,MARCIO MINASSIAN ATIBAIA,ATIBAIA,6,1995,Empresario
35113864255,MEIRE MARCIA BENEDITO CARNIEL,SOROCABA,6,1995,Empresario
35113864263,MAGDA EDNEIA ESCUDEIRO MARTINELLI SOROCABA,SOROCABA,6,1995,Empresario
35113864271,JOSE PAULO PIOVANI OURINHOS,OURINHOS,6,1995,Empresario
35113864280,VALDIR JOSE RODRIGUES VIEIRA,CANANÉIA,6,1995,Empresario
35113864298,VANDA ESTER DE SOUZA OURINHOS,OURINHOS,6,1995,Empresario
35113864301,VALKIRIA RODRIGUES,SANTANA DE PARNAÍBA,6,1995,Empresario
35113864310,J.M VICARI BAURU,BAURU,6,1995,Empresario
35113864328,IZABEL ARRUDA DA CUNHA,RIO CLARO,6,1995,Empresario
35113864336,ENEVALDO BUENO LANCHES,SÃO PAULO,6,1995,Empresario
35113864344,M.DO S.B. DE SOUZA ROTISSERIE,SÃO PAULO,6,1995,Empresario
35113864352,DANIEL BATISTA DA SILVA,INDAIATUBA,6,1995,Empresario
35113864361,JOSE RUBENS DE MORAES,BATATAIS,6,1995,Empresario
35113864379,NESTOR FERREIRA MATTOS,,6,1995,Empresario
35113864387,ZELINDA MASIERO ZANDONADI,,6,1995,Empresario
35113864395,H.S.DA CUNHAAGUAS,,6,1995,Empresario
35113864409,PAULO PIAIA,ESPÍRITO SANTO DO PINHAL,6,1995,Empresario
35113864417,GUIOMAR MESSIAS SILVA,SÃO PAULO,6,1995,Empresario
35113864425,EDSON ATILIO-EMBAUBA,EMBAÚBA,6,1995,Empresario
35113864433,ELAINE CRISTINA DOS SANTOS CAMPILONGO,SÃO ROQUE,6,1995,Empresario
35113864441,MARIA HELENA COSTA MERCALDI,RIBEIRÃO PRETO,6,1995,Empresario
35113864450,MARIA EUGENIA GALVAO ALVES,SÃO JOAQUIM DA BARRA,6,1995,Empresario
35113864468,CHRISTIAN PAUL CAMBRAI,SÃO SIMÃO,6,1995,Empresario
35113864476,MARIA CONCEICAO RAMIRO GUEDES DA SILVA,SÃO JOAQUIM DA BARRA,6,1995,Empresario
35113864484,ELIETE APARECIDA BUZZI BAPTISTUSSI,SÃO JOAQUIM DA BARRA,6,1995,Empresario
35113864492,ERONDINA GILDA DOMINGOS,LUÍS ANTÔNIO,6,1995,Empresario
35113864506,GERSON ARAUJO DOS SANTOS RIBEIRAO PRETO,RIBEIRÃO PRETO,6,1995,Empresario
35113864514,JORGE ANTONIO SAKAMOTO-MADEIRAS,SERRA AZUL,6,1995,Empresario
35113864522,JOAO CARLOS DE MENEZES,RIBEIRÃO PRETO,6,1995,Empresario
35113864531,MARIA ANGELICA ALAYETE CORTES,SÃO SIMÃO,6,1995,Empresario
35113864549,MARCO CESAR DIOZ,SANTO ANDRÉ,6,1995,Empresario
35113864557,MDZ PACHECO - ME,SÃO PAULO,6,1995,Empresario
35113864565,ARVELO JOSE JAQUES,SÃO PAULO,6,1995,Empresario
35113864573,CLARICE ALVES PINHEIRO,SOROCABA,6,1995,Empresario
35113864581,ANGELO APARECIDO TEODORO,SOROCABA,6,1995,Empresario
35113864590,ROSALINA SANCHES TAVARES,SOROCABA,6,1995,Empresario
35113864603,NILZA DIAS PINHAL DISTRIBUIDORA,SÃO PAULO,6,1995,Empresario
35113864611,JAMIRA MARIA CAPORRINO,ARUJÁ,6,1995,Empresario
35113864620,GILVAN SEVERINO BIU SOBRINHO,SÃO PAULO,6,1995,Empresario
35113864638,SURAMA HECHEM MONFREDINI,SÃO BERNARDO DO CAMPO,6,1995,Empresario
35113864646,LUIZ JANILSON OQUERES VIANA AUTOMÓVEIS,OSASCO,6,1995,Empresario
35113864654,SUELI TORRES DE ALBUQUERQUE-CONFECCOES,SANTO ANDRÉ,6,1995,Empresario
35113864662,GILBERTO GIL MAIRIPORA,MAIRIPORÃ,6,1995,Empresario
35113864671,ANTONIO SEGOBIA POLO,BOTUCATU,6,1995,Empresario
35113864689,NELSON DE FRANCA LOPES SUPRIMENTOS HOSPITALARES,SÃO PAULO,6,1995,Empresario
35113864697,ELISA ROQUE DOS SANTOS NASCIMENTO,SÃO JOÃO DA BOA VISTA,6,1995,Empresario
35113864701,HOMERO CESAR GADBEM,ARARAS,6,1995,Empresario
35113864719,FABIANA ARMENTANO COSTA,ITU,6,1995,Empresario
35113864727,RAIMUNDA FERREIRA DA PONTE SANTANA,ITAPECERICA DA SERRA,6,1995,Empresario
35113864735,JOSE DOS SANTOS CAVALCANTE,SÃO PAULO,6,1995,Empresario
35113864743,MARIA JUDITH TAVELLA XAVIER DA SILVA,ATIBAIA,6,1995,Empresario
35113864751,KINUKO SATO ATIBAIA,ATIBAIA,6,1995,Empresario
35113864760,BENEDITA GLOSCOF RAMALHO,AVARÉ,6,1995,Empresario
35113864778,ROBERTO NOBILE TRANSPORTES,SÃO BERNARDO DO CAMPO,6,1995,Empresario
35113864786,JOSE OSCAR ANACLETO DA MOTA MOJI GUACU,MOGI-GUAÇU,6,1995,Empresario
35113864794,"MARIA SUELI BARBOSA VALADAO ""CANCELADA POR INATIVIDADE""",SÃO PAULO,6,1995,Empresario
35113864808,MARLI APARECIDA COSTA JUNDIAI,JUNDIAÍ,6,1995,Empresario
35113864816,MARIA DA SALETE DE OLIVEIRA,CAMPINAS,6,1995,Empresario
35113864824,ROBERTO CURY,SÃO PEDRO,6,1995,Empresario
35113864832,REGINALDO LUIS DOS SANTOS,SALTO,6,1995,Empresario
35113864841,MARIA APARECIDA MARTINS SILVA,CAMPINAS,6,1995,Empresario
35113864859,ANDREIA TAKARA HIGA.,CAMPINAS,6,1995,Empresario
35113864867,ANTONIO JOSE MENDES FILHO LANCHONETE,SÃO PAULO,6,1995,Empresario
35113864875,J V DE ANDRADE E CAPAS,CAMPINAS,6,1995,Empresario
35113864883,ARI APARECIDO DE OLIVEIRA-RESTAURANTE,ITAPEVA,6,1995,Empresario
35113864891,VALDECIL VALERIO BUENO,ITAPEVA,6,1995,Empresario
35113864905,HELIO CESAR LEITE - COPIADORA,SÃO PAULO,6,1995,Empresario
35113864913,ALFREDO BUCCI,SÃO PAULO,6,1995,Empresario
35113864921,RITA DE CASSIA SILVA CAMPAGNOLA,SÃO PAULO,6,1995,Empresario
35113864930,JOSELINA DA SILVA ARAUJO,CATANDUVA,6,1995,Empresario
35113864948,CLAUDIA REGINA DE OLIVEIRA BURI,BURI,6,1995,Empresario
35113864956,J B DE OLIVEIRA NETO ASSIS,ASSIS,6,1995,Empresario
35113864964,VICENTE FONSECA DE MATTOS TARUMA,TARUMÃ,6,1995,Empresario
35113864972,MARIA SAMPAIO EXPOSITO SUCATAS,SANTO ANDRÉ,6,1995,Empresario
35113864981,JOSE FERREIRA MARTINS-CHAVEIRO,SANTO ANDRÉ,6,1995,Empresario
35113864999,IVAM GERALDO GIMENES,INDIANA,6,1995,Empresario
35113865006,APARECIDO GERALDO GOMES,ITATIBA,6,1995,Empresario
35113865014,ANGELA MARIA MEDEIROS BOTUCATU,BOTUCATU,6,1995,Empresario
35113865022,LUIS FABIANO DE CARVALHO,IBITINGA,6,1995,Empresario
35113865031,ALEXANDRE LEO MAKSYMCZUK,GUARAREMA,6,1995,Empresario
35113865049,MARCILENE C F MARTINS,GUARAREMA,6,1995,Empresario
35113865057,CLAUDIO CESAR FERREIRA MERCEARIA,GUARÁ,6,1995,Empresario
35113865065,BELMIRA NOVAES DOS SANTOS,ARARAQUARA,6,1995,Empresario
35113865073,SILVIA REGINA DA SILVA VOTUPORANGA,VOTUPORANGA,6,1995,Empresario
35113865081,ANA LUCIA SOARES MARQUES,SALTO,6,1995,Empresario
35113865090,HERALDO JOSE SORENSEN,SÃO CARLOS,6,1995,Empresario
35113865103,L. H. AZARIAS MANTOANI,,6,1995,Empresario
35113865111,CESAR HENRIQUE DE OLIVEIRA AGUAI,AGUAÍ,6,1995,Empresario
35113865120,ALEXANDER SOARES MOREIRA,CAMPINAS,6,1995,Empresario
35113865138,MARIA MARTA DE SOUZA BEBEDOURO,BEBEDOURO,6,1995,Empresario
35113865146,ENI MENDES PLACIDO,REGISTRO,6,1995,Empresario
35113865154,SEBASTIAO TEIXEIRA CHAVES,SÃO ROQUE,6,1995,Empresario
35113865162,CIRO TAVARES DA SILVA BAR,OSASCO,6,1995,Empresario
35113865171,CLARICE PEREIRA DA SILVA BAR E MERCEARIA,GUARULHOS,6,1995,Empresario
35113865189,MARIA CELIA CORREA DO CARMO PIZZARIA,GUARULHOS,6,1995,Empresario
35113865197,G.R. CARVALHO,AMERICANA,6,1995,Empresario
35113865201,R.ROCHA AMERICANA,AMERICANA,6,1995,Empresario
35113865219,V. J.P.DE MATOS EMPREITEIRA,AMERICANA,6,1995,Empresario
35113865227,WILSON ROBERTO MONTEBELLO,SÃO PAULO,6,1995,Empresario
35113865235,BENVINDA MARIA OLIVEIRA ARRUDA,GUARULHOS,6,1995,Empresario
35113865243,MARIA MARLENE LIMA DE SOUSA,GUARULHOS,6,1995,Empresario
35113865251,LUIZ DA SILVA SORVETERIA,PIRACICABA,6,1995,Empresario
35113865260,ROGERIO DE SA FERRAZ,VOTUPORANGA,6,1995,Empresario
35113865278,SANDRA MARCIA CHERECHINE ITUVERAVA,ITUVERAVA,6,1995,Empresario
35113865286,JOAO ARGENTINO DOS REIS FILHO,APARECIDA,6,1995,Empresario
35113865294,PEDRO CAETANO CLEMENTINO DOS SANTOS,SANTANA DE PARNAÍBA,6,1995,Empresario
35113865308,SILVANA DA COSTA SOUSA ACOUGUE,OSASCO,6,1995,Empresario
35113865316,AURITA RODRIGUES PEREIRA,SÃO PAULO,6,1995,Empresario
35113865324,RAIMUNDO CONCEICAO MACHADO,SÃO PAULO,6,1995,Empresario
35113865332,LUIZ CARLOS DE MELO BAR,IBITINGA,6,1995,Empresario
35113865341,VALMIR ZEOLO VALINHOS,VALINHOS,6,1995,Empresario
35113865359,SEBASTIAO ALES GUIMARAES CONSTRUCOES,SÃO PAULO,6,1995,Empresario
35113865367,ADEMAR CESAR FAGUNDES MERCEARIA,SÃO PAULO,6,1995,Empresario
35113865375,DARIO SCHULZ RIO CLARO,RIO CLARO,6,1995,Empresario
35113865383,DULCINEIA F MENDES PERFUMARIA,SÃO BERNARDO DO CAMPO,6,1995,Empresario
35113865391,PAULO DOS SANTOS SILVA CAMPINAS,CAMPINAS,6,1995,Empresario
35113865405,CRISTINA APARECIDA DOS SANTOS SAID,CAMPINAS,6,1995,Empresario
35113865413,DIOGENES DA SILVA ANDRADE,CAMPINAS,6,1995,Empresario
35113865421,CARMEN DORIS ALVES DA SILVA,SÃO PAULO,6,1995,Empresario
35113865430,LUIZ PEDRO REPELE P VENCESLAU,PRESIDENTE VENCESLAU,6,1995,Empresario
35113865448,EDISON DONIZETTI DE SIQUEIRA LAVACAR,JUNDIAÍ,6,1995,Empresario
35113865456,LUCIANO TORELLI,JUNDIAÍ,6,1995,Empresario
35113865464,ESTELA MARIS LEME MACHADO,PILAR DO SUL,6,1995,Empresario
35113865472,VALTER SERAFIM DE ALMEIDA,PARANAPANEMA,6,1995,Empresario
35113865481,CLEUZENIR A.ESTEVAO BAZAR,SÃO PAULO,6,1995,Empresario
35113865499,EDNA DE LIMA CARDOSO DE FREITAS,DUARTINA,6,1995,Empresario
35113865502,MARCELO IOSELLI,MOGI DAS CRUZES,6,1995,Empresario
35113865511,KATIA SAKAI,MOGI DAS CRUZES,6,1995,Empresario
35113865529,MARLIANE URBANO SILVA KLEINDIENST,MOGI DAS CRUZES,6,1995,Empresario
35113865537,BENEDITO FILADELPHO PARAIBUNA,PARAIBUNA,6,1995,Empresario
35113865545,EDNEI CARMO DO NASCIMENTO OLIVEIRA,SÃO PAULO,6,1995,Empresario
35113865553,VALDAIR AUGUSTO DE SOUZA,SÃO JOSÉ DOS CAMPOS,6,1995,Empresario
35113865561,OMAR PEREIRA MIRANDA,SÃO JOSÉ DOS CAMPOS,6,1995,Empresario
35113865570,R.R.PALOMERO CARDOSO,SÃO JOSÉ DOS CAMPOS,6,1995,Empresario
35113865588,IRBIS FERREIRA VIEIRA,GUARATINGUETÁ,6,1995,Empresario
35113865596,LOURDES NUNES DE ARAUJO LEAL,TUPÃ,6,1995,Empresario
35113865600,ERIA REGINA MARTIN SCHELLES,PRESIDENTE PRUDENTE,6,1995,Empresario
35113865618,EMILENE MINCA DA SILVA,PRESIDENTE PRUDENTE,6,1995,Empresario
35113865626,JULIA M F GRANCHI,SANTOS,6,1995,Empresario
35113865634,ISABEL CRISTINA DE ANDRADE LANCHONETE,TAUBATÉ,6,1995,Empresario
35113865642,VANDERLEI DO AMARAL CACAPAVA,CAÇAPAVA,6,1995,Empresario
35113865651,MONICA RODRIGUES ALVES PRADO TRANSPORTES,CAÇAPAVA,6,1995,Empresario
35113865669,ANTONIO M. DO NASCIMENTO TAUBATE,TAUBATÉ,6,1995,Empresario
35113865677,FRANCISCA A. COSTA-BOMBONIERE,SANTOS,6,1995,Empresario
35113865685,LOURDES BERNARDETE COSTANZI,SANTOS,6,1995,Empresario
35113865693,TERESINHA FRANCISCA DE ALMEIDA VIDEO LOCADORA,SÃO VICENTE,6,1995,Empresario
35113865707,VALDIR VALTER AFONSO,ANDRADINA,6,1995,Empresario
35113865715,NILSON BONAFE PINDAMONHANGABA,PINDAMONHANGABA,6,1995,Empresario
35113865723,SELMA HELENICE DOS SANTOS,CUNHA,6,1995,Empresario
35113865731,ROSA DE SAMPAIO,CUNHA,6,1995,Empresario
35113865740,PEDRO LOPES DE SIQUEIRA CUNHA,CUNHA,6,1995,Empresario
35113865758,J.RIBEIRO TAUBATE,TAUBATÉ,6,1995,Empresario
35113865766,CLAUDIONOR DA SILVA TAUBATE,TAUBATÉ,6,1995,Empresario
35113865774,ROGERIO SHOZO AWATA,SANTO ANTÔNIO DO PINHAL,6,1995,Empresario
35113865782,ILDEFONSO MARTINS DA SILVAS J CAMPOS,SÃO JOSÉ DOS CAMPOS,6,1995,Empresario
35113865791,CARLOS ROBERTO LUIZ DE OLIVEIRA,SÃO JOSÉ DOS CAMPOS,6,1995,Empresario
35113865804,CLAUDIMINA RITAS VENUTO,SÃO PAULO,6,1995,Empresario
35113865812,MARIA DE JESUS RAMOS DE FREITAS,BARUERI,6,1995,Empresario
35113865821,JOEL APARECIDO GEROLIN OLIMPIA,OLÍMPIA,6,1995,Empresario
35113865839,SINEZIO ANTONIO DE PAULA,BARRETOS,6,1995,Empresario
35113865847,SIDINEY TAVARES BONO VOTUPORANGA,VOTUPORANGA,6,1995,Empresario
35113865855,JOSE CARLOS BERNI,ARTUR NOGUEIRA,6,1995,Empresario
35113865863,JOAO GONCALVES SOARES,ARTUR NOGUEIRA,6,1995,Empresario
35113865871,DEBORAH GUIDOLIN BRISOLLA,ARTUR NOGUEIRA,6,1995,Empresario
35113865880,HELES DOS SANTOS NUNES,SÃO PAULO,6,1995,Empresario
35113865898,SIDNEI KAZUHICO TERAOKA,MOGI DAS CRUZES,6,1995,Empresario
35113865901,MAURO YOSHIMITSU TAKEUCHI,MOGI DAS CRUZES,6,1995,Empresario
35113865910,ANTONIO PORTEIRO TUPA,TUPÃ,6,1995,Empresario
35113865928,SERGIO HIROSHI TAKAHASHI,TUPÃ,6,1995,Empresario
35113865936,JOSE POLICARPO DE OLIVEIRA,GUARULHOS,6,1995,Empresario
35113865944,GERSINO CUSTODIO SANTANA,LIMEIRA,6,1995,Empresario
35113865952,FRANCISCO DE A.A. CAVALCANTE,LIMEIRA,6,1995,Empresario
35113865961,JOAO EZEQUIEL DA COSTA BAR,ITAPETININGA,6,1995,Empresario
35113865979,MARIA DE FATIMA DE ROGATIS CALIL,ARARAQUARA,6,1995,Empresario
35113865987,PATRICIA PEREIRA DE OLIVEIRA GUAICARA,GUAIÇARA,6,1995,Empresario
35113865995,CARLOS DONIZETE DE LIMA,JACAREÍ,6,1995,Empresario
35113866002,MARIO BEZERRA BRITO,SÃO PAULO,6,1995,Empresario
35113866011,MARIA DAS DORES VIANA,SÃO BERNARDO DO CAMPO,6,1995,Empresario
35113866029,JOSE CARLOS PEREIRA P. EPITACIO,PRESIDENTE EPITÁCIO,6,1995,Empresario
35113866037,J.L.ALBERTONI ESTACIONAMENTO,SÃO PAULO,6,1995,Empresario
35113866045,SUELI SIMOES MOREIRA CARVALHO,SÃO PAULO,6,1995,Empresario
35113866053,MARIA DE LURDES DOS SANTOS BEBIDAS,SÃO PAULO,6,1995,Empresario
35113866061,WALDIR DE OLIVEIRA TATUI,TATUÍ,6,1995,Empresario
35113866070,MARIA APARECIDA F DA SILVA MERCEARIA,UBATUBA,6,1995,Empresario
35113866088,A.D.PINHEIRO DE SOUZA,PINHALZINHO,6,1995,Empresario
35113866096,VITOR MANUEL RODRIGUES - PIZZARIA,GUARULHOS,6,1995,Empresario
35113866100,SILVANA RODRIGUES AMBROZIO,SÃO JOSÉ DO RIO PRETO,6,1995,Empresario
35113866118,JAQUELINE DE OLIVEIRA BARBI - CONFECCOES,SÃO PAULO,6,1995,Empresario
35113866126,WLADEMIR PINTO DA SILVA,SÃO PAULO,6,1995,Empresario
35113866134,JURANDIR ALVES CORDEIRO,SÃO PAULO,6,1995,Empresario
35113866142,DENISE JANCAR,SÃO PAULO,6,1995,Empresario
35113866151,CLEONICE GAMBA SANTOS MAUA,MAUÁ,6,1995,Empresario
35113866169,HELENA TOMAZ DE SOUZA RANCHARIA,RANCHARIA,6,1995,Empresario
35113866177,J ROBERTO DA SILVA BAURU,BAURU,6,1995,Empresario
35113866185,JOANA ANDRE BORGES ARARAQUARA,ARARAQUARA,6,1995,Empresario
35113866193,JOSE ANTONIO BERTINI PIRANGI,PIRANGI,6,1995,Empresario
35113866207,JOSE GREGORIO DOS SANTOS BOA ESPERANCADO SUL,BOA ESPERANÇA DO SUL,6,1995,Empresario
35113866215,JOICE RAQUEL UBEDA HADDAD,TUPÃ,6,1995,Empresario
35113866223,JOSE NIVALDO PEREIRA DOS REIS,IBATÉ,6,1995,Empresario
35113866231,JOSE MOREIRA FILHO SERTAOZINHO,SERTÃOZINHO,6,1995,Empresario
35113866240,JOSE FAVARO PEDERNEIRAS,PEDERNEIRAS,6,1995,Empresario
35113866258,JOAO DAVID AYUSO,AMÉRICO DE CAMPOS,6,1995,Empresario
35113866266,JOAO DE SOUZA MACATUBA,MACATUBA,6,1995,Empresario
35113866274,LURDES A RAMOS BOQUINO,LOUVEIRA,6,1995,Empresario
35113866282,LUCIANA MARRARA PARTEL,GLICÉRIO,6,1995,Empresario
35113866291,ANTONIO CARLOS CHIQUITO GUARIBA,GUARIBA,6,1995,Empresario
35113866304,MARCELO LEMES DE SOUZA,SÃO PAULO,6,1995,Empresario
35113866312,RICARDO SOARES DA SILVA,SÃO PAULO,6,1995,Empresario
35113866321,MARCELO CHANQUETI RINCAO,PRADÓPOLIS,6,1995,Empresario
35113866339,CLAUDIO LUIS RANGEL,SANTA FÉ DO SUL,6,1995,Empresario
35113866347,J C IZIDORO CONFECCOES,NOVA ODESSA,6,1995,Empresario
35113866355,I P SOUZA CONFECCAO,AMERICANA,6,1995,Empresario
35113866363,L.A. DA SILVEIRA,CAMPINAS,6,1995,Empresario
35113866371,VALERIA RODRIGUES REZE,NOVA ODESSA,6,1995,Empresario
35113866380,MARIA CELIA STEFANI HORTOLANDIA,HORTOLÂNDIA,6,1995,Empresario
35113866398,MANOEL ANTONIO RIAMI ELETRICA,AMERICANA,6,1995,Empresario
35113866401,JUAN RAFAEL MONDACA OXA,SÃO PAULO,6,1995,Empresario
35113866410,VERA REGINA KOVAK,SANTOS,6,1995,Empresario
35113866428,JOAO VICENTE FORTES PONTES,SILVEIRAS,6,1995,Empresario
35113866436,THAIS DANIELLY FERREIRA DA SILVA,CORDEIRÓPOLIS,6,1995,Empresario
35113866444,ELENIR COSTA DA SILVA,SÃO PAULO,6,1995,Empresario
35113866452,CLAUDINEI BONATO,PIRACICABA,6,1995,Empresario
35113866461,ADAIR NUNES DE OLIVEIRA,PIRAJU,6,1995,Empresario
35113866479,ANTONIO MARCO BATISTA,CHARQUEADA,6,1995,Empresario
35113866487,VALDIR CANDIDO DE ALMEIDA PIRACICABA,PIRACICABA,6,1995,Empresario
35113866495,JOSE AP. RAMOS CHARQUEADA,CHARQUEADA,6,1995,Empresario
35113866509,RODOLFO LEONARDO DOS SANTOS AUTO PECAS,SÃO PAULO,6,1995,Empresario
35113866517,MARCIA MARIA MARRA POLITI,SÃO PAULO,6,1995,Empresario
35113866525,JURACI XAVIER DE CARVALHO TRANSPORTES,CAMPINAS,6,1995,Empresario
35113866533,NAIR FERREIRA NOIVAS,CAMPINAS,6,1995,Empresario
35113866541,MEIRY ISABEL CESAR DA SILVA LIMA,CUBATÃO,6,1995,Empresario
35113866550,NEUSA APARECIDA CANEVARI GUARIZ,JABOTICABAL,6,1995,Empresario
35113866568,ARISTIDES MORGANI VOTUPORANGA,VOTUPORANGA,6,1995,Empresario
35113866576,COSMA FERREIRA LIMA,GUAPIARA,6,1995,Empresario
35113866584,MYRTHILA NOGUEIRA SOARES HUNGRIA,ITAPETININGA,6,1995,Empresario
35113866592,ROSANA CRISTINA BAPTISTA,DIADEMA,6,1995,Empresario
35113866606,SILVIO NELIS DA SILVA SAO VICENTE,SÃO VICENTE,6,1995,Empresario
35113866614,MARIA DAS GRACAS CARDOSO DE PAIVA,SANTANA DE PARNAÍBA,6,1995,Empresario
35113866622,MANOEL LUCIO DA SILVA OLIVEIRA BAR E LANCHONETE,OSASCO,6,1995,Empresario
35113866631,LUIZ NATAL GUERREIRO CASA DE CARNES,MARÍLIA,6,1995,Empresario
35113866649,M L DE ALMEIDA,MOCOCA,6,1995,Empresario
35113866657,J. ARNALDO DOS SANTOS,GUARULHOS,6,1995,Empresario
35113866665,MARIA ARMINHA MARQUES PEREIRA BAR,SÃO PAULO,6,1995,Empresario
35113866673,GERALDO ADRIANO DE ALMEIDA REPFRESENTACOES,PRAIA GRANDE,6,1995,Empresario
35113866681,FRANCISCO GIANNETTO FILHO,SÃO PAULO,6,1995,Empresario
35113866690,LUCIA YATIYO KUROGI,COTIA,6,1995,Empresario
35113866703,NAIR GONCALEZ FIGUEIREDO,SÃO PAULO,6,1995,Empresario
35113866711,GILBERTO PAULO DOS SANTOS,INDAIATUBA,6,1995,Empresario
35113866720,A N PEREIRA,FRANCISCO MORATO,6,1995,Empresario
35113866738,WALDEMAR GOMES DA SILVA RIBEIRAO PRETO,RIBEIRÃO PRETO,6,1995,Empresario
35113866746,MARIA INES FARIA DOS SANTOS CUBATAO,CUBATÃO,6,1995,Empresario
35113866754,REGINA FUSCHINO,SÃO PAULO,6,1995,Empresario
35113866762,JAIME MENDES DO COUTO,ATIBAIA,6,1995,Empresario
35113866771,CESAR JOVENATO RIBEIRAO PRETO,RIBEIRÃO PRETO,6,1995,Empresario
35113866789,GILBERTO SEVERINO,JARDINÓPOLIS,6,1995,Empresario
35113866797,VITOR DOS SANTOS MACHADO,RIBEIRÃO PRETO,6,1995,Empresario
35113866801,CARLOS ALBERTO GARZON RIBEIRAO PRETO,RIBEIRÃO PRETO,6,1995,Empresario
35113866819,SANDRA MARA DOS SANTOS,RIBEIRÃO PRETO,6,1995,Empresario
35113866827,SEBASTIAO APARECIDO DE PAULA IPUA,IPUÃ,6,1995,Empresario
35113866835,ANTONIO JUSTINO DE SOUZA IPUA,IPUÃ,6,1995,Empresario
35113866843,M. A. C. DE OLIVEIRA PIZZARIA,BAURU,6,1995,Empresario
35113866851,ANTONIO APARECIDA DA CRUZ,REGENTE FEIJÓ,6,1995,Empresario
35113866860,MARINA APARECIDA MARANGONI ZERBINATO,RIBEIRÃO PRETO,6,1995,Empresario
35113866878,RICARDO LUIS AGOSTINHO,LUÍS ANTÔNIO,6,1995,Empresario
35113866886,GENIVAL VENICIO DE OLIVEIRA,SÃO PAULO,6,1995,Empresario
35113866894,WILLIAM ROBBI,SÃO VICENTE,6,1995,Empresario
35113866908,EDNA VITORINO REIS SAO VICENTE,SÃO VICENTE,6,1995,Empresario
35113866916,MARIA APARECIDA DE CAMPOS PEREIRA,FRANCA,6,1995,Empresario
35113866924,J CARLOS DE SOUZA PESPONTO FRANCA,FRANCA,6,1995,Empresario
35113866941,GISLENE RODRIGUES DA CUNHA FRANCA,FRANCA,6,1995,Empresario
35113866959,CICERO SOUZA DE ASSIS FRANCA,FRANCA,6,1995,Empresario
35113866967,U R GOMES COMERCIO E REPRESENTACAO ARTIGO ESCOLAR ESCRITORIO.,SÃO VICENTE,6,1995,Empresario
35113866975,VALDINO ARCANJO DE SOUZA VALMAC,PINDAMONHANGABA,6,1995,Empresario
35113866983,CILEIA APARECIDA GONCALVES DOS SANTOS BOTUCATU,BOTUCATU,6,1995,Empresario
35113866991,ELCIO ALBERTO COLOGNESI PALESTINA,PALESTINA,6,1995,Empresario
35113867009,JOSUE PRESTES RIO PRETO,SÃO JOSÉ DO RIO PRETO,6,1995,Empresario
35113867017,SILVIO HIDALGO RIO PRETO,SÃO JOSÉ DO RIO PRETO,6,1995,Empresario
35113867025,C E DE SOUZA RIO PRETO,SÃO JOSÉ DO RIO PRETO,6,1995,Empresario
35113867033,OSVALDO CAPUTO FILHO,OLÍMPIA,6,1995,Empresario
35113867041,L R DE SOUZA CUNHA CORDOSO,CARDOSO,6,1995,Empresario
35113867050,CLAUDIOMIR SALVI,DESCALVADO,6,1995,Empresario
35113867068,VERA DOS SANTOS POCA DAGUA,SÃO PAULO,6,1995,Empresario
35113867076,G S DE ARAUJO,SÃO PAULO,6,1995,Empresario
35113867084,CLOVIS DOS REIS SALGADO,ITAPECERICA DA SERRA,6,1995,Empresario
35113867092,HILTON KLAUBEL PEDREIRA,,6,1995,Empresario
35113867106,MARCELO KAZUMI MURAYAMA,BERTIOGA,6,1995,Empresario
35113867114,MARIA APARECIDA TOLEDO DA SILVA BAR,SÃO PAULO,6,1995,Empresario
35113867122,ANTONIO VALERIO DE SOUZA DOCERIA,SÃO PAULO,6,1995,Empresario
35113867131,J. DE BRITO VOTORANTIM,VOTORANTIM,6,1995,Empresario
35113867149,TEREZA FIDENCIO DA SILVA-ALUMINIO,ALUMÍNIO,6,1995,Empresario
35113867157,EURIDICE ELIAS,BAURU,6,1995,Empresario
35113867165,MANUEL LOPES RAMOS CAMPINAS,CAMPINAS,6,1995,Empresario
35113867173,FERNANDO MARTINI FRANCO,,6,1995,Empresario
35113867181,WERA ELAINE CENTENO TRAPP,SÃO PAULO,6,1995,Empresario
35113867190,AMAURI JOSE DEGASPARI-MERCEARIA,,6,1995,Empresario
35113867203,CARLOTA MARIA FERREIRA,SÃO PAULO,6,1995,Empresario
35113867211,ISABEL NERY DOS SANTOS,SÃO PAULO,6,1995,Empresario
35113867220,ANA CLAUDIA FIGUEIREDO SILVA,SÃO PAULO,6,1995,Empresario
35113867238,LEILA MARIA FLEMING FONSECA BARBOSA,SOROCABA,6,1995,Empresario
35113867246,RITA DE CASSIA SCHMIDT,SÃO PAULO,6,1995,Empresario
35113867254,ADERILDO AQUINO DE OLIVEIRA BAR,OSASCO,6,1995,Empresario
35113867262,JOSE GRIGORIO MOREIRA,SÃO PAULO,6,1995,Empresario
35113867271,AUDREI BAER ACESSORIOS PARA INFORMATICA,SÃO PAULO,6,1995,Empresario
35113867289,MIRIAN ESTER FOGACA,OSASCO,6,1995,Empresario
35113867297,CLEUZA VIEIRA SOARES VELOSO,OSASCO,6,1995,Empresario
35113867301,ALMIR GOMES DE ALMEIDA,OSASCO,6,1995,Empresario
35113867319,JOAO EDSON FARIA DE GODOI,SÃO JOSÉ DO RIO PRETO,6,1995,Empresario
35113867327,WARNEVANDER FERREIRA DE ALMEIDA,SÃO JOSÉ DO RIO PRETO,6,1995,Empresario
35113867335,MARY APARECIDA FERREIRA GOULARTE LANCHONETE,SÃO JOSÉ DO RIO PRETO,6,1995,Empresario
35113867343,ACACIO DE OLIVEIRA TRANSPORTES,POTIRENDABA,6,1995,Empresario
35113867351,LUIS JOSE FRAGOSO MERCEARIA,SÃO PAULO,6,1995,Empresario
35113867360,MARIA DE LOURDES SANTOS ITAPEVI,ITAPEVI,6,1995,Empresario
35113867378,ADEIDE ALVES BATISTA,OSASCO,6,1995,Empresario
35113867386,ALICE DA SILVA LIMA,GUARUJÁ,6,1995,Empresario
35113867394,MARIA HELENA FUSCHINI,SANTOS,6,1995,Empresario
35113867408,WILSON TADEU DE OLIVEIRA,GUARUJÁ,6,1995,Empresario
35113867416,MARIA ELISABETE PELLEGRINO DA SILVA,SANTO ANDRÉ,6,1995,Empresario
35113867424,TELMA DIAS CORREIA,POMPÉIA,6,1995,Empresario
35113867432,FELICIANA DE OLIVEIRA BARBOSA,SUZANO,6,1995,Empresario
35113867441,ORLANDO BUENO DE OLIVEIRA TREMEMBE,TREMEMBÉ,6,1995,Empresario
35113867459,JOSE FREIRE ANDRADE-BAR,COSMÓPOLIS,6,1995,Empresario
35113867467,REJANE REYS,JAÚ,6,1995,Empresario
35113867475,EDSON IWAO OTSUKA,ATIBAIA,6,1995,Empresario
35113867483,A.MANSANO HERNANDEZ MERCEARIA,ATIBAIA,6,1995,Empresario
35113867491,MARIA LUCIA LINARDI AMAT,PIRACICABA,6,1995,Empresario
35113867505,RENE ANTONIO DE CAMPOS,CAMPINAS,6,1995,Empresario
35113867513,EMERSON MENDES MADEIRA,CAMPINAS,6,1995,Empresario
35113867521,GREYCK PORTO XAVIER DOS SANTOS,SÃO PAULO,6,1995,Empresario
35113867530,MARINALVA DE ABREU NUNES,SÃO PAULO,6,1995,Empresario
35113867548,DOMINGOS SOUZA LEMOS JUNIOR,IGARAPAVA,6,1995,Empresario
35113867556,MARIA DO CARMO SOARES DA SILVA FLORICULTURA,SÃO PAULO,6,1995,Empresario
35113867564,AGNALDO JOSE ANTUNES ITAI,ITAÍ,6,1995,Empresario
35113867572,LAZARO PARANHOS ITAI,ITAÍ,6,1995,Empresario
35113867581,JOSE LUIZ MAZIERO,BOTUCATU,6,1995,Empresario
35113867599,MILTON K SUGAHARA,BOTUCATU,6,1995,Empresario
35113867602,MARIA APARECIDA DOS REIS SANTOS MERCEARIA,CARAGUATATUBA,6,1995,Empresario
35113867611,IRACI LEITE DO NASCIMENTO,CATANDUVA,6,1995,Empresario
35113867629,HELCIO RODRIGUES DE OLIVEIRA,PERUÍBE,6,1995,Empresario
35113867637,MAURICIO BORIMECICO MONTEIRO TERRA PRETA,MAIRIPORÃ,6,1995,Empresario
35113867645,DILAIR APARECIDA MARCHINI,ATIBAIA,6,1995,Empresario
35113867653,PATRICIA PICON RODRIGUES DA CRUZ,MAIRIPORÃ,6,1995,Empresario
35113867661,ELISETE APARECIDA DOS SANTOS FERMINO,MAIRIPORÃ,6,1995,Empresario
35113867670,RONALDO DUZZI AMERICANA,AMERICANA,6,1995,Empresario
35113867688,LUCIA HELENA BASSO COPI,BAURU,6,1995,Empresario
35113867696,SERGIO LUIS PEREIRA,LIMEIRA,6,1995,Empresario
35113867700,EVA MAGALI DE LIMA PAULO DE FARIA,PAULO DE FARIA,6,1995,Empresario
35113867718,SILVIA REGINA HAGE PACHA,SÃO JOSÉ DO RIO PRETO,6,1995,Empresario
35113867726,VERANICE P C VASQUES,SÃO JOSÉ DO RIO PRETO,6,1995,Empresario
35113867734,CARLA BARTOCCINI GUIMARAES,SÃO JOSÉ DO RIO PRETO,6,1995,Empresario
35113867742,H MARTINS PINTO,SÃO PAULO,6,1995,Empresario
35113867751,CELIO ALVES,TAUBATÉ,6,1995,Empresario
35113867769,LAURINDO ALMEIDA SOARES,RIBEIRÃO PRETO,6,1995,Empresario
35113867777,CARMEM SILVIA MAGRI BACANI,COSMORAMA,6,1995,Empresario
35113867785,ANTONIO JOSÉ ZAMARIOLLI - CONTENTORES,VIRADOURO,6,1995,Empresario
35113867793,ELIANA DONIZETI VOLLET CHRISTOVAM,AMÉRICO BRASILIENSE,6,1995,Empresario
35113867807,ISABEL CRISTINA ROQUE MANSUR,BATATAIS,6,1995,Empresario
35113867815,REINALDO XAVIER DA SILVA EMPORIO,SÃO PAULO,6,1995,Empresario
35113867823,RONALDO PARENTE,CAMPINAS,6,1995,Empresario
35113867840,ROSA DA SILVA ALMEIDA COMERCIO,SANTA ISABEL,6,1995,Empresario
35113867858,JOSE ANTONIO SEMOGINI,ITAPIRA,6,1995,Empresario
35113867866,SALETE MARIA DE FREITAS,ITAPIRA,6,1995,Empresario
35113867874,AYLTON BRANDAO FILHO,ITAPIRA,6,1995,Empresario
35113867882,JOSE LUIZ LAPORTE PERUIBE,PERUÍBE,6,1995,Empresario
35113867891,PASCOAL COMITTE NETO UBATUBA,UBATUBA,6,1995,Empresario
35113867904,N SECAFIM MARTINS,AMPARO,6,1995,Empresario
35113867912,ROSEANE ALVES DA SILVA MELLO,ADAMANTINA,6,1995,Empresario
35113867921,SERGIO SACCHI UBATUBA,UBATUBA,6,1995,Empresario
35113867939,SIRLEI VIZOTTO CHIARA.,PARAGUAÇU PAULISTA,6,1995,Empresario
35113867947,SILVIO LUCAS FARIA,JABOTICABAL,6,1995,Empresario
35113867955,TAMIKO HIRAKI FURUUCHI,SUZANO,6,1995,Empresario
35113867963,VALDECIR GARCIA MARTINEZ TUPA,TUPÃ,6,1995,Empresario
35113867971,VALTER JOSE SEGATO - PAULICEIA,PAULICÉIA,6,1995,Empresario
35113867980,MARIA CRISTINA THOMAZELLI CONFECCOES,SÃO PAULO,6,1995,Empresario
35113867998,VALCI ANTUNES RODRIGUES,CAMPINA DO MONTE ALEGRE,6,1995,Empresario
35113868005,SEBASTIAO RODRIGUES DE MIRANDA CAPAO BONITO,CAPÃO BONITO,6,1995,Empresario
35113868013,LUIZ FERNANDO FUZINATO PEPE,JAÚ,6,1995,Empresario
35113868021,A B PINTO DA CUNHA,JABORANDI,6,1995,Empresario
35113868030,ANTONIO GOMES SANTA FE DO SUL,SANTA FÉ DO SUL,6,1995,Empresario
35113868048,MILTON AMARO FILHO,JOANÓPOLIS,6,1995,Empresario
35113868056,MARIA HELENA DE SOUZA PEREZ,RIBEIRÃO PRETO,6,1995,Empresario
35113868064,MARIA LUCIA CRUZ NUNES,RIBEIRÃO PRETO,6,1995,Empresario
35113868072,NORBERTO VIEIRA FARTURA,FARTURA,6,1995,Empresario
35113868081,SEBASTIAO RIBEIRO ALVES-FARTURA,FARTURA,6,1995,Empresario
35113868099,ROSANGELA MARIA GARBELLOTTI DE GOES VIEIRA FARTURA,FARTURA,6,1995,Empresario
35113868102,LILIANE SOUZA HOLTZ,ITARARÉ,6,1995,Empresario
35113868111,FELICIO GUTZLAFF,LEME,6,1995,Empresario
35113868129,JOAO BATISTA FERNANDES BAR,MONTE ALTO,6,1995,Empresario
35113868137,MARIA HELENA VICTORINO JANKU RIBEIRAO PRETO,RIBEIRÃO PRETO,6,1995,Empresario
35113868145,PAULO SERGIO DOS ANJOS PEREIRA,SERTÃOZINHO,6,1995,Empresario
35113868153,PL MARÇAL ALARMES,JARDINÓPOLIS,6,1995,Empresario
35113868161,RUI VIANA RIBEIRAO PRETO,RIBEIRÃO PRETO,6,1995,Empresario
35113868170,SANDRA MARIA SICCHIERI LACERDA DOS SANTOS,RIBEIRÃO PRETO,6,1995,Empresario
35113868188,SIRLENE RIBEIRO MALTA,RIBEIRÃO PRETO,6,1995,Empresario
35113868196,NORIVALDO SANTOS,SÃO PAULO,6,1995,Empresario
35113868200,EDSON CAYRES VIANA,SÃO PAULO,6,1995,Empresario
35113868218,ALCEU ESTEVO DA CRUZ JUNIOR UVERAVA,ITUVERAVA,6,1995,Empresario
35113868226,PEDRO L. ZAMARO BAURU,BAURU,6,1995,Empresario
35113868234,JOSE ROBERTO FERREIRA AGUAI,AGUAÍ,6,1995,Empresario
35113868242,OLINDO OLIVAR CEZARINO ARARAQUARA,ARARAQUARA,6,1995,Empresario
35113868251,L. A. DE PAULA VESTUARIO,GUARUJÁ,6,1995,Empresario
35113868269,JOTA BENTO DE AMORIM SANTA GERTRUDES,SANTA GERTRUDES,6,1995,Empresario
35113868277,EDSON LUIS DOS SANTOS CATANDUVA,CATANDUVA,6,1995,Empresario
35113868285,ANTONIO JOAQUIM DA SILVA RIO CLARO,RIO CLARO,6,1995,Empresario
35113868293,PAULO CESAR DE MELLO ITARARE,ITARARÉ,6,1995,Empresario
35113868307,GERALDO FERREIRA MARCEARIA,APARECIDA,6,1995,Empresario
35113868315,JAE RO OH,APARECIDA,6,1995,Empresario
35113868323,SEBASTIAO DOMINGOS DE MORAES BAR,VARGEM GRANDE DO SUL,6,1995,Empresario
35113868331,GUIOMAR CRUZ,ITARIRI,6,1995,Empresario
35113868340,L C DOS SANTOS POTIM,POTIM,6,1995,Empresario
35113868358,CRISTINA DEL MONTE MARCUSSI,ORLÂNDIA,6,1995,Empresario
35113868366,DOVANA APARECIDA FELICIO,SERRANA,6,1995,Empresario
35113868374,JOSE LUIZ SCHIAVINATO SERTAOZINHO,SERTÃOZINHO,6,1995,Empresario
35113868382,JOSE OLIVEIRA SANTOS RIBEIRAO PRETO,RIBEIRÃO PRETO,6,1995,Empresario
35113868391,JOSE RODRIGUES DE SOUZA SERTAOZINHO,SERTÃOZINHO,6,1995,Empresario
35113868404,L. A. DA SILVA SERTAOZINHO,SERTÃOZINHO,6,1995,Empresario
35113868412,LUCIANA ALMEIDA DI GEROLAMO,RIBEIRÃO PRETO,6,1995,Empresario
35113868421,LUIZ CARLOS MARCOLA JUNIOR,ORLÂNDIA,6,1995,Empresario
35113868439,MARGARETH ACHACAR,SERTÃOZINHO,6,1995,Empresario
35113868447,MARIA CANDIDA SIMOES MARTINS,RIBEIRÃO PRETO,6,1995,Empresario
35113868455,CLARA ALVES DE BARROS SERTAOZINHO,SERTÃOZINHO,6,1995,Empresario
35113868463,RAQUEL DE CARVALHO FERNANDES,SÃO PAULO,6,1995,Empresario
35113868471,ELIZABETE FRANCISCO DA SILVA PAICK,RIBEIRÃO PIRES,6,1995,Empresario
35113868480,CARLOTA MARIA ALMEIDA LEITE ITAPIRA,ITAPIRA,6,1995,Empresario
35113868498,OBALDO ROMEU MONTI,PIRASSUNUNGA,6,1995,Empresario
35113868501,FERNANDO ANDREU GEBALLI,DUARTINA,6,1995,Empresario
35113868510,LENI PACHU LIMA,ROSANA,6,1995,Empresario
35113868528,NATHALINO ZENARO MAUA,MAUÁ,6,1995,Empresario
35113868536,ELIZANGELA ZAGATI DA SILVA,CARAPICUÍBA,6,1995,Empresario
35113868544,CARLOS DOMINGUES JOANOPOLIS,JOANÓPOLIS,6,1995,Empresario
35113868552,MARIA ROSALIA GOMES TORRES MAZZIERI,MAUÁ,6,1995,Empresario
35113868561,EDEZIO JOSE TEIXEIRA JUNIOR,MIRANDÓPOLIS,6,1995,Empresario
35113868579,GERSON LUIZ LOZANO JAU,JAÚ,6,1995,Empresario
35113868587,GENIVALDO DE JESUS RANCHARIA,RANCHARIA,6,1995,Empresario
35113868595,GISLAINE TOMA DE SOUZA MELLO SIMOES,BAURU,6,1995,Empresario
35113868609,GILMAR RIOS GUIMARAES CARAGUA,CARAGUATATUBA,6,1995,Empresario
35113868617,MARIA SILVANA DOS SANTOS,BOTUCATU,6,1995,Empresario
35113868625,LUIZ CAMARGO NETO LOTERIAS,ITARARÉ,6,1995,Empresario
35113868633,JOAO ROBERTO IGNATZ,BOTUCATU,6,1995,Empresario
35113868641,VALDEMIR SIQUEIRA SANTA GERTRUDES,SANTA GERTRUDES,6,1995,Empresario
35113868650,GESSY LEANDRO DA COSTA,ITAPECERICA DA SERRA,6,1995,Empresario
35113868668,H M HOLTZ CARNES,ITARARÉ,6,1995,Empresario
35113868676,NALVA MACHADO VENZER,SÃO CARLOS,6,1995,Empresario
35113868684,JOANA DARC DE M SILVA,ITARARÉ,6,1995,Empresario
35113868692,R. DE L. ALMEIDA,SÃO PAULO,6,1995,Empresario
35113868706,MARLENE DA SILVA R BAIA SANTA GERTRUDES,SANTA GERTRUDES,6,1995,Empresario
35113868714,SANDRA R V BUGANZA,BOTUCATU,6,1995,Empresario
35113868722,CLENILSON TELES DE CAMPOS SALES,PORTO FELIZ,6,1995,Empresario
35113868731,JAVERT BARTARIN,CONCHAL,6,1995,Empresario
35113868749,LUIS FERNANDO BIANCO BAURU,BAURU,6,1995,Empresario
35113868757,ABIGAIL NUNES PEREIRA ITAI,ITAÍ,6,1995,Empresario
35113868765,ANTONIO CICERO BORGES,REGINÓPOLIS,6,1995,Empresario
35113868773,RENATO LUIS CARDOSO,DIVINOLÂNDIA,6,1995,Empresario
35113868781,J.RIBEIRO PEREIRA MARCENARIA,BURI,6,1995,Empresario
35113868790,ADAUTO PEREIRA DA SILVA TACIBA,TACIBA,6,1995,Empresario
35113868803,JOSE CARLOS DE ALMEIDA CERQUILHO,CERQUILHO,6,1995,Empresario
35113868811,ODAIR DE SOUZA RIOLANDIA,RIOLÂNDIA,6,1995,Empresario
35113868820,SERGIO RODRIGO DA CRUZ,LEME,6,1995,Empresario
35113868838,LEDA MUNIZ MAIRINQUE,MAIRINQUE,6,1995,Empresario
35113868846,J. L. BIANCONI,JACAREÍ,6,1995,Empresario
35113868854,MOACIR DA SILVA CAMPOS,JACAREÍ,6,1995,Empresario
35113868871,ALEXANDRE DE OLIVEIRA AMERICO BRASILIENSE,AMÉRICO BRASILIENSE,6,1995,Empresario
35113868889,CARLOS ROBERTO MAZZOLLA JUNIOR,BEBEDOURO,6,1995,Empresario
35113868897,GILDEMAR GOMES MECANICA E FUNILARIA,SÃO PAULO,6,1995,Empresario
35113868901,CANDIDO PEREIRA FILHO CAGUATATUBA,CARAGUATATUBA,6,1995,Empresario
35113868919,CLELIO DA SILVA SERTAOZINHO,SERTÃOZINHO,6,1995,Empresario
35113868927,CORNELIA GARCIA GIL,BARRINHA,6,1995,Empresario
35113868935,DENILSON CORDEIRO DE LIMA,CAMPINAS,6,1995,Empresario
35113868943,EDILSON FERNANDES DE BARROS SERATAOZINHO,SERTÃOZINHO,6,1995,Empresario
35113868951,EDUARDO GOMES UBATUBA,UBATUBA,6,1995,Empresario
35113868960,FLAVIANO PEREIRA DA CRUZ CARAGUATATUBA,CARAGUATATUBA,6,1995,Empresario
35113868978,G. A. CARDOSO JUNIOR,PEDERNEIRAS,6,1995,Empresario
35113868986,GLAUCO DE FRANCA SILVA,ASSIS,6,1995,Empresario
35113868994,G. N. M. DE O. R. MOURAO,SÃO JOÃO DA BOA VISTA,6,1995,Empresario
35113869001,RUI AYRTON DA COSTA,PINDAMONHANGABA,6,1995,Empresario
35113869010,CARLOS BATISTA DE SOUZA FEIRANTE,SÃO PAULO,6,1995,Empresario
35113869028,MARIA DO CEU SILVA AMENDOEIRA,SUZANO,6,1995,Empresario
35113869036,JOSE ROMERO VIEIRA PONTES,SÃO CARLOS,6,1995,Empresario
35113869044,ARNALDO ANSELMO TAQUARITINGA,TAQUARITINGA,6,1995,Empresario
35113869052,ANTONIO RODRIGUES JUNIOR LANCHERIA,SANTOS,6,1995,Empresario
35113869061,RUI CAVALHEIRO GUIMARAES,BRAGANÇA PAULISTA,6,1995,Empresario
35113869079,MARIA DO CARMO PROENCA,ITAPEVA,6,1995,Empresario
35113869087,RITA AP RESENDE ROSADO,JAGUARIÚNA,6,1995,Empresario
35113869095,RICARDO ALEXANDRE RINALDI,DOIS CÓRREGOS,6,1995,Empresario
35113869109,APARECIDO V DOS SANTOS,VINHEDO,6,1995,Empresario
35113869117,HARUMI NAKAYAMA MERCEARIA,GUARULHOS,6,1995,Empresario
35113869125,SILVIO ROBERTO RIBEIRO SILVA,SÃO PAULO,6,1995,Empresario
35113869133,DANIELA CRISTIANE MOREIRA VIDEO LOCADORA,SÃO PAULO,6,1995,Empresario
35113869141,AMILCAR STEFANO PINHAL,ESPÍRITO SANTO DO PINHAL,6,1995,Empresario
35113869150,G. DE C. LUZ-REPRESENTACOES,SANTOS,6,1995,Empresario
35113869010,CARLOS BATISTA DE SOUZA FEIRANTE,SÃO PAULO,6,1995,Empresario
35113869028,MARIA DO CEU SILVA AMENDOEIRA,SUZANO,6,1995,Empresario
35113869036,JOSE ROMERO VIEIRA PONTES,SÃO CARLOS,6,1995,Empresario
35113869044,ARNALDO ANSELMO TAQUARITINGA,TAQUARITINGA,6,1995,Empresario
35113869052,ANTONIO RODRIGUES JUNIOR LANCHERIA,SANTOS,6,1995,Empresario
35113869061,RUI CAVALHEIRO GUIMARAES,BRAGANÇA PAULISTA,6,1995,Empresario
35113869079,MARIA DO CARMO PROENCA,ITAPEVA,6,1995,Empresario
35113869087,RITA AP RESENDE ROSADO,JAGUARIÚNA,6,1995,Empresario
35113869095,RICARDO ALEXANDRE RINALDI,DOIS CÓRREGOS,6,1995,Empresario
35113869109,APARECIDO V DOS SANTOS,VINHEDO,6,1995,Empresario
35113869117,HARUMI NAKAYAMA MERCEARIA,GUARULHOS,6,1995,Empresario
35113869125,SILVIO ROBERTO RIBEIRO SILVA,SÃO PAULO,6,1995,Empresario
35113869133,DANIELA CRISTIANE MOREIRA VIDEO LOCADORA,SÃO PAULO,6,1995,Empresario
35113869141,AMILCAR STEFANO PINHAL,ESPÍRITO SANTO DO PINHAL,6,1995,Empresario
35113869150,G. DE C. LUZ-REPRESENTACOES,SANTOS,6,1995,Empresario
35207999791,KLIM PRODUTOS QUIMICOS LTDA,SAO PAULO,6,1995,Sociedade Limitada
35210627025,GRIMLEY - DISTRIBUIDORA COMERCIAL LTDA.,SAO PAULO,6,1995,Sociedade Limitada
35210745117,M. A. REPRESENTACAO COMERCIAL E PUBLICIDADE SJCAMPOS LTDA.,SAO JOSE DOS CAMPOS,6,1995,Sociedade Limitada
35210750617,MERCADINHO JOTA ELE'S LTDA.,SAO PAULO,6,1995,Sociedade Limitada
35210753411,MUFLA COMERCIO DE ARTEFATOS METALURGICOS LTDA.,SAO PAULO,6,1995,Sociedade Limitada
35210760043,LELO MATERIAIS PARA CONSTRUCAO LTDA.,LIMEIRA,6,1995,Sociedade Limitada
35210775156,CASA DO NORTE E AVICOLA FONSECA LTDA.,SAO PAULO,6,1995,Sociedade Limitada
35210776080,MELO & BELO COMERCIAL LTDA.,RIBEIRAO PIRES,6,1995,Sociedade Limitada
35210776331,COMERCIAL MATU LTDA.,SAO JOSE DOS CAMPOS,6,1995,Sociedade Limitada
35210921136,GRIFFE SUPERMERCADOS LTDA,CAMPINAS,6,1995,Sociedade Limitada
35211627258,EXPORT ASSESSORIA TECNICA EM IMPORTACAO E EXPORTACAO LTDA,SAO PAULO,6,1995,Sociedade Limitada
35212321055,BWU REPRESENTACOES E PARTICIPACOES LTDA.,SAO PAULO,6,1995,Sociedade Limitada
35212329391,FARMACIA MARIANO LTDA.,JACUPIRANGA,6,1995,Sociedade Limitada
35212338195,CHURRASCARIA ASA BRANCA LTDA.,CRUZEIRO,6,1995,Sociedade Limitada
35212340955,GARDEN FRUIT IMPORTACAO E EXPORTACAO LTDA.,SAO PAULO,6,1995,Sociedade Limitada
35212341749,LAYCROTON CONFECCOES LTDA.,LINS,6,1995,Sociedade Limitada
35212354905,REMY PLUS CONSULTORIA LTDA,SAO PAULO,6,1995,Sociedade Limitada
35212896716,ALMA ARTEFATOS DE CONTROS LTDA.,FRANCA,6,1995,Sociedade Limitada
35213092327,MATTOSO & LAZINI COMERCIO DE FRIOS E LATICINIOS LTDA,CAMPINAS,6,1995,Sociedade Limitada
35213093056,CENTRO JORNALISTICO L.A PALOMA LTDA,SAO PAULO,6,1995,Sociedade Limitada
35213094486,DROGARIA MEDICAL LTDA,SAO PAULO,6,1995,Sociedade Limitada
35213094494,TERMOCROM CONCENTRADOS TECNICOS LTDA.,SAO PAULO,6,1995,Sociedade Limitada
35213094508,POWER INDUSTRIA E COMERCIO DE PRODUTOS METALURGICOS LTDA.,CAJAMAR,6,1995,Sociedade Limitada
35213094516,EMBALAGENS GUIMARAES INDUSTRIA E COMERCIO LTDA,SAO PAULO,6,1995,Sociedade Limitada
35213094524,KFJ FACTORING FOMENTO MERCANTIL LTDA,SAO PAULO,6,1995,Sociedade Limitada
35213094532,REGIS E MEIRE TELECOMUNICACOES E COMERCIO LTDA,SAO PAULO,6,1995,Sociedade Limitada
35213094541,MARCOS CESAR DE SOUZA KAKADEMIA LTDA,SAO PAULO,6,1995,Sociedade Limitada
35213094559,ODETE E MAIZA CONFECCOES LTDA.,GUARULHOS,6,1995,Sociedade Limitada
35213094567,"ANDRE'S DEDETIZACAO, COMERCIO E LOCACAO LTDA.",GUARULHOS,6,1995,Sociedade Limitada
35213095687,I.P.M. PAULISTA - INDUSTRIA DE MAQUINAS LTDA.,SOROCABA,6,1995,Sociedade Limitada
35213095814,GALVAO E CAMARGO CORTE DE EUCALIPTO LTDA.,LAGOINHA,6,1995,Sociedade Limitada
35213095822,ROCHA E ROCHA BONBONNIERES LTDA.,CACAPAVA,6,1995,Sociedade Limitada
35213095831,MURC EDITORA GRAFICA LTDA.,MOGI DAS CRUZES,6,1995,Sociedade Limitada
35213095849,PLASTIVALE COMERCIO DE FERRAGENS LTDA.,SAO JOSE DOS CAMPOS,6,1995,Sociedade Limitada
35213095857,RANDES DE S. MARGONATO & CIA. LTDA.,TAUBATE,6,1995,Sociedade Limitada
35213095865,ADEGA DO BAIRRO LTDA.,TAUBATE,6,1995,Sociedade Limitada
35213095971,SPECTRONIX COMERCIO E REPRESENTACOES LTDA.,SAO CAETANO DO SUL,6,1995,Sociedade Limitada
35213096110,LANETTO REPRESENTACOES COMERCIAIS LTDA.,RIBEIRAO PRETO,6,1995,Sociedade Limitada
35213096128,L.E.J. INDUSTRIA E COMERCIO LTDA.,LUIS ANTONIO,6,1995,Sociedade Limitada
35213096136,ALEIXO & PEREIRA LTDA,RIBEIRAO PRETO,6,1995,Sociedade Limitada
35213096144,FRILAT FRIOS LTDA,RIBEIRAO PRETO,6,1995,Sociedade Limitada
35213096152,J.W. EXTINTORES LTDA,RIBEIRAO PRETO,6,1995,Sociedade Limitada
35213096161,OLIVEIRA CARRER MODAS LTDA,RIBEIRAO PRETO,6,1995,Sociedade Limitada
35213096179,FELIPPE & FELIPPE LTDA.,RIBEIRAO PRETO,6,1995,Sociedade Limitada
35213096187,GEVOTEL COMERCIO DE MATERIAIS ELETRICOS LTDA,RIBEIRAO PRETO,6,1995,Sociedade Limitada
35213096195,HIDROTECNICA P.N. MARTINS LTDA,RIBEIRAO PRETO,6,1995,Sociedade Limitada
35213096209,PANIFICADORA MESSIAS LTDA.,RIBEIRAO PRETO,6,1995,Sociedade Limitada
35213096217,SALES FURTADO & SANTOS LTDA,SERTAOZINHO,6,1995,Sociedade Limitada
35213096225,SHINE SERVICOS DE INFORMATICA E COMERCIAL LTDA.,SAO CAETANO DO SUL,6,1995,Sociedade Limitada
35213096241,KNOW-HAW DO ABC COMERCIAL LTDA.,MAUA,6,1995,Sociedade Limitada
35213096381,PERFECT COMERCIO E REPRESENTACOES LTDA,SAO PAULO,6,1995,Sociedade Limitada
35213096420,JDM - COMERCIO DE PRODUTOS SIDERURGICOS LTDA.,GUARULHOS,6,1995,Sociedade Limitada
35213096438,SUPERMERCADO ALDEIA DE BARUERI LTDA,BARUERI,6,1995,Sociedade Limitada
35213096446,CASA MOBILLE MOVEIS E DECORACOES LTDA,SAO BERNARDO DO CAMPO,6,1995,Sociedade Limitada
35213096454,PAULO PAMPLONA REPRESENTACOES COMERCIAIS LTDA.,SAO PAULO,6,1995,Sociedade Limitada
35213096462,ZANARDI COMERCIO DE PRODUTOS AGRICOLAS LTDA,SAO BERNARDO DO CAMPO,6,1995,Sociedade Limitada
35213096471,MARILORI COMERCIO E MANUTENCAO DE EQUIPAMENTOS INDUSTRIAIS LTDA,SAO PAULO,6,1995,Sociedade Limitada
35213096489,AMIGOS DA IGREJINHA - BAR E MERCEARIA LTDA,GUARULHOS,6,1995,Sociedade Limitada
35213096497,LAUD MASTER ELETRONICOS E INFORMATICA LTDA,SANTO ANDRE,6,1995,Sociedade Limitada
35213096501,VMK MOTORES ELETRICOS LTDA,SAO PAULO,6,1995,Sociedade Limitada
35213096519,GOOD SOFT INFORMATICA LTDA,ITAPETININGA,6,1995,Sociedade Limitada
35213096527,E. V. CONFECCOES LTDA,GUARULHOS,6,1995,Sociedade Limitada
35213096594,KINGS MIDIA MARKETING PROMOCIONAL E EVENTOS LTDA,SAO JOAO DA BOA VISTA,6,1995,Sociedade Limitada
35213096608,RITA DE CASSIA & JOSE ANTONIO REPRESENTACOES LTDA.,SOROCABA,6,1995,Sociedade Limitada
35213096616,BAR E MERCEARIA ESPINDULA LTDA.,SANTOS,6,1995,Sociedade Limitada
35213096624,EXPRESSO RONDON LTDA.,PIRAJUI,6,1995,Sociedade Limitada
35213096632,KLASLU CONFECCOES LTDA,LOUVEIRA,6,1995,Sociedade Limitada
35213096641,OLIVEIRA & PASSARINI LTDA,CASTILHO,6,1995,Sociedade Limitada
35213096659,RODOLFO SILOT PRODUCOES ARTISTICAS LTDA,EMBU,6,1995,Sociedade Limitada
35213096667,MULTIPOINTCOMERCIO IMPORTACAO EXPORTACAO LTDA,SAO PAULO,6,1995,Sociedade Limitada
35213096675,NETCARGO LOGISTICA E DISTRIBUICAO LTDA - ME,SAO PAULO,6,1995,Sociedade Limitada
35213096683,DYNAMIKA TELECOMUNICACOES E COMERCIO LTDA,SAO PAULO,6,1995,Sociedade Limitada
35213096691,PLASTEN COMERCIO E SERVICOS LTDA,SAO PAULO,6,1995,Sociedade Limitada
35213096705,BELTRAO & BARSZCZ LTDA.,PARAISO,6,1995,Sociedade Limitada
35213096713,A. C. G. DE CARVALHO E CIA LTDA,GUARATINGUETA,6,1995,Sociedade Limitada
35213096721,LUMAQ-BARRETOS - PECAS E ASSISTENCIA TECNICA LTDA,BARRETOS,6,1995,Sociedade Limitada
35213096730,FROES & FROES LTDA,BARRA BONITA,6,1995,Sociedade Limitada
35213096748,SARRO SERRALHERIA DE ARTEFATOS E METAIS LTDA,SAO PAULO,6,1995,Sociedade Limitada
35213096756,KWD CONSULTORIA EM TECNOLOGIA DA INFORMACAO LTDA,BARUERI,6,1995,Sociedade Limitada
35213096888,BAR E LANCHES FLOR DA PONTE LTDA.,SAO PAULO,6,1995,Sociedade Limitada
35213096896,J. P. PITARELLO & CIA LTDA,INDAIATUBA,6,1995,Sociedade Limitada
35213096900,ISAMAR A. DE OLIVEIRA & CIA LTDA.,OURO VERDE,6,1995,Sociedade Limitada
35213096918,PEREIRA & PEREIRA GUARARAPES LTDA.,GUARARAPES,6,1995,Sociedade Limitada
35213096926,SORVETERIA PONTO FRIO DE PIRACICABA LTDA,PIRACICABA,6,1995,Sociedade Limitada
35213096934,COTRALI COMERCIO E TRANSPORTE LTDA,RIO DAS PEDRAS,6,1995,Sociedade Limitada
35213096942,AURORA VIDEO E LOCADORA LTDA.,ITAPETININGA,6,1995,Sociedade Limitada
35213096951,OURISAT & MILA PRESENTES LTDA.,OURINHOS,6,1995,Sociedade Limitada
35213096969,COMERCIAL ARAUJO SILVA LTDA.,MARILIA,6,1995,Sociedade Limitada
35213096977,PORTO FERREIRA CONSTRUTORA INCORPORADORA LTDA.,TAUBATE,6,1995,Sociedade Limitada
35213096985,MERCADINHO UNIAO PIRATININGA LTDA.,ITAQUAQUECETUBA,6,1995,Sociedade Limitada
35213096993,MATERIAIS PARA CONSTRUCAO CHARLENE LTDA.,OSASCO,6,1995,Sociedade Limitada
35213097001,CAZON - COMERCIO DE MATERIAIS ELETRICOS LTDA.,RIBEIRAO PRETO,6,1995,Sociedade Limitada
35213097141,MADUREIRA & MADUREIRA - COMERCIO DE ROUPAS LTDA.,CAMPINAS,6,1995,Sociedade Limitada
35213097159,PILLAR USINAGEM MECANICA LTDA,MAUA,6,1995,Sociedade Limitada
35213097167,DROGARIA VILLELA LTDA,MOGI MIRIM,6,1995,Sociedade Limitada
35213097175,DEBORA LOPES FERNANDES LTDA,SAO PAULO,6,1995,Sociedade Limitada
35213097183,MOTOR UNION AUTOMOVEIS LTDA.,SAO PAULO,6,1995,Sociedade Limitada
35213097191,LOTERICA ROSAS DE OURO LTDA,SAO PAULO,6,1995,Sociedade Limitada
35213097205,MYK ELECTRONICS SERVICE LTDA.,SAO PAULO,6,1995,Sociedade Limitada
35213097213,EVACEL COMERCIO E INFORMATICA LTDA.,EMBU,6,1995,Sociedade Limitada
35213097221,PERFIL COBERTURAS E CONSTRUCOES LTDA,OSASCO,6,1995,Sociedade Limitada
35213097230,FLORICULTURA O REI DAS FLORES LTDA,SAO BERNARDO DO CAMPO,6,1995,Sociedade Limitada
35213097248,CHURRASCARIA E PIZZARIA COSTA BARBOSA LTDA,SAO PAULO,6,1995,Sociedade Limitada
35213097256,SKIM CENTER BAZAR LTDA,SAO PAULO,6,1995,Sociedade Limitada
35213097531,J. L. DELBEM & FILHOS LTDA.,SAO JOSE DO RIO PRETO,6,1995,Sociedade Limitada
35213097540,MARTINS & OLIVEIRA LTDA.,MIRASSOL,6,1995,Sociedade Limitada
35213097558,WAVE POWER COMERCIO DE MATERIAIS ELETRICOS E ELETRONICOS LTDA.,SAO JOSE DO RIO PRETO,6,1995,Sociedade Limitada
35213097566,ESCOLA DE EDUCACAOINFANTIL CORISCO LTDA.,SAO JOSE DO RIO PRETO,6,1995,Sociedade Limitada
35213097574,P. SALVADOR SOUZA & CIA LTDA ME,BADY BASSITT,6,1995,Sociedade Limitada
35213097582,ROSA E RAVENNA-RIO PRETO LTDA.,SAO JOSE DO RIO PRETO,6,1995,Sociedade Limitada
35213098333,B V DESIGNER - MARCENARIA LTDA,SANTOS,6,1995,Sociedade Limitada
35213098376,INTERATIVA INFORMATICA DE RIBEIRAO PRETO LTDA,RIBEIRAO PRETO,6,1995,Sociedade Limitada
35213098384,AVICOLA MARITACA LTDA,RIBEIRAO PRETO,6,1995,Sociedade Limitada
35213098392,TOOLBRASIL FERRAMENTARIA LTDA.,SAO JOSE DOS CAMPOS,6,1995,Sociedade Limitada
35213098406,FRANCO E FRANCA LTDA,BAURU,6,1995,Sociedade Limitada
35213098791,CLIVIA COMERCIO DE PRODUTOS ALIMENTICIOS LTDA,SAO PAULO,6,1995,Sociedade Limitada
35213098805,MICROSHOW INFOSHOP COMERCIO DE INFORMATICA LTDA.,SAO PAULO,6,1995,Sociedade Limitada
35213098813,SANTARELLI - RECUPERADORA DE MOTORES LTDA,SANTO ANDRE,6,1995,Sociedade Limitada
35213098821,FALANDO NISSO CAFE E LANCHES LTDA,SAO PAULO,6,1995,Sociedade Limitada
35213098830,TOWER GROUP INTERNATIONAL TRANSPORTES LTDA,SAO PAULO,6,1995,Sociedade Limitada
35213098848,AVM PAPEIS LTDA,SAO PAULO,6,1995,Sociedade Limitada
35213098856,"RETORNO PAR COMERCIO DE PARAFUSOS, FERRAGENS E FERRAMENTAS LTDA.",COTIA,6,1995,Sociedade Limitada
35213098864,CLEUSA MATEUS & CIA LTDA.,SAO PAULO,6,1995,Sociedade Limitada
35213099119,DEL BIANCO E CIA. LTDA.,LIMEIRA,6,1995,Sociedade Limitada
35213099127,SUPERMERCADO L. D. A. LTDA.,IRACEMAPOLIS,6,1995,Sociedade Limitada
35213099135,WALK LINE - INDUSTRIA E COMERCIO LTDA.,FRANCA,6,1995,Sociedade Limitada
35213099143,HANGAR COMERCIO E REPRESENTACOES DE COUROS LTDA.,FRANCA,6,1995,Sociedade Limitada
35213099151,J. B. COMERCIO DE ESQUADRIAS METALICAS LTDA.,FRANCA,6,1995,Sociedade Limitada
35213099160,COELHO E COELHO SERVICOS DE INFORMATICA LTDA.,FRANCA,6,1995,Sociedade Limitada
35213099178,GRAN TEC COMERCIO E CONSERTOS DE APARELHOS ELETRONICOS LTDA,SUMARE,6,1995,Sociedade Limitada
35213099186,B.H.Z. COMERCIO DE PRODUTOS ALIMENTICIOS LTDA.,TAUBATE,6,1995,Sociedade Limitada
35213099194,S.F.C. IMPORTACAO E EXPORTACAO LTDA.,TAUBATE,6,1995,Sociedade Limitada
35213099208,LOCADORA PLANALTO COMERCIO E LOCACAO LTDA,SAO PAULO,6,1995,Sociedade Limitada
35213099216,CRUZ & LIXANDRAO LTDA.,AMPARO,6,1995,Sociedade Limitada
35213099224,DEL NERO & AVANCINI LTDA,SERRA NEGRA,6,1995,Sociedade Limitada
35213099232,MINERAGUA POCOS ARTESIANOS LTDA,AMERICANA,6,1995,Sociedade Limitada
35213099241,S. M. NOGUEIRA & N. ASSIS LTDA-ME,AMPARO,6,1995,Sociedade Limitada
35213099259,NOVA ADMINISTRADORA E CORRETORA DE SEGUROS LTDA,JUNDIAI,6,1995,Sociedade Limitada
35213099267,D'GUST BOUTIQUE DE PAES E DOCES LTDA,SAO PAULO,6,1995,Sociedade Limitada
35213099275,YNS - PROJETOS E CONSTRUCOES LTDA,ITAPECERICA DA SERRA,6,1995,Sociedade Limitada
35213099283,RENATA DVD E LOCACOES LTDA,SAO PAULO,6,1995,Sociedade Limitada
35213099356,AVIFLEX INDUSTRIA DE CALCADOS LTDA,FRANCA,6,1995,Sociedade Limitada
35213099364,C & V AGUA NA BOCA LTDA.,SAO PAULO,6,1995,Sociedade Limitada
35213099372,G. & C. - TRANSPORTES EM GERAL LTDA.,SAO BERNARDO DO CAMPO,6,1995,Sociedade Limitada
35213099381,VICENTE JUNIOR PAPER LTDA.,SAO PAULO,6,1995,Sociedade Limitada
35213099399,BEAUTYFULL HAIR COSMETICOS DO BRASIL LTDA.,SAO PAULO,6,1995,Sociedade Limitada
35213099402,SAMPRES COMERCIO E SERVICOS METALURGICOS LTDA,SAO PAULO,6,1995,Sociedade Limitada
35213099411,INDUSTRIA E COMERCIO DE CONFECCOES FINNA LTDA.,SAO PAULO,6,1995,Sociedade Limitada
35213099429,FRIOS E LATICINIOS M.T. NAPOLITANO LTDA.,SAO PAULO,6,1995,Sociedade Limitada
35213099437,LANCHONETE LAS NINAS LTDA,SAO PAULO,6,1995,Sociedade Limitada
35213099445,BECK - INDUSTRIA E COMERCIO DE CONFECCOES LTDA,SAO PAULO,6,1995,Sociedade Limitada
35213099861,ANDRADE & MELLO COMERCIO E ENGENHARIA LTDA.,PRESIDENTE PRUDENTE,6,1995,Sociedade Limitada
35213099879,BEDIN & BEDIN LTDA,PRESIDENTE PRUDENTE,6,1995,Sociedade Limitada
35213099887,INDUSTRIA E COMERCIO DE ARTEFATOS PLASTICOS RIO BRILHANTE LTDA.,PRESIDENTE PRUDENTE,6,1995,Sociedade Limitada
35213099895,AUTO ESCOLA GUILHERMITTI & LOBANCO LTDA,BADY BASSITT,6,1995,Sociedade Limitada
35213099909,DEPOSITO DE MATERIAIS PARA CONSTRUCAO NOVA BADY LTDA.,BADY BASSITT,6,1995,Sociedade Limitada
35213099917,RAVANI HOTEIS DO BRASIL LTDA,SAO JOSE DO RIO PRETO,6,1995,Sociedade Limitada
35213099925,M.J.COELHO & CIA LTDA.,SAO JOSE DO RIO PRETO,6,1995,Sociedade Limitada
35213099933,THAMY'S INDUSTRIA E COMERCIO LTDA.,SANTO ANDRE,6,1995,Sociedade Limitada
35213099941,CONVENIO FUNERARIO COLOMOURA LTDA,DIADEMA,6,1995,Sociedade Limitada
35213100095,DAS ROSAS-CAFE E CONVENIENCIA LTDA.,BARUERI,6,1995,Sociedade Limitada
35213100109,COMERCIAL DE BALEIROS OSVALDINHO LTDA.,SAO PAULO,6,1995,Sociedade Limitada
35213100117,EMPREITEIRA TRIO C.N.O. LTDA.,PRAIA GRANDE,6,1995,Sociedade Limitada
35213100125,BNP TECNOLOGIA LTDA.,SAO PAULO,6,1995,Sociedade Limitada
35213100133,VITORIA COMERCIAL E ASSESSORIA DE COMPRAS LTDA.,SAO PAULO,6,1995,Sociedade Limitada
35213100141,MERCADO IRMAOS ALCAIDE LTDA.,SAO BERNARDO DO CAMPO,6,1995,Sociedade Limitada
35213100150,TAMURA & SILVA LTDA.,SAO BERNARDO DO CAMPO,6,1995,Sociedade Limitada
35213100176,J. L. COMERCIAL LTDA.,CAMPINAS,6,1995,Sociedade Limitada
35213100184,CONFECCAO E COMERCIO ALESON LTDA.,JANDIRA,6,1995,Sociedade Limitada
35213100192,AVICULTURA SIEME LTDA.,SAO PAULO,6,1995,Sociedade Limitada
35213100206,LINHA ATIVA COMERCIO E SERVICOS DE REVISTAS LTDA,SAO PAULO,6,1995,Sociedade Limitada
35213100214,MODAS NOVA VIDA LTDA,SAO PAULO,6,1995,Sociedade Limitada
35213100222,WOLF COMERCIO SERVICOS E SISTEMAS ELETRONICOS LTDA,SAO ROQUE,6,1995,Sociedade Limitada
35213100711,OLIVEIRA & OLIVEIRA EDITORA LTDA,TARUMA,6,1995,Sociedade Limitada
35213100729,BRICK EMPREENDIMENTOS E PARTICIPACOES LTDA.,MARILIA,6,1995,Sociedade Limitada
35213100737,TRANSPORTADORA GIRONDA LTDA.,LUIS ANTONIO,6,1995,Sociedade Limitada
35213100745,V.S. 2000 VIDEO - LOCACAO COMERCIO E ACESSORIOS LTDA.,SAO PAULO,6,1995,Sociedade Limitada
35213100753,100 KILINHOS CONFECCOES LTDA.,SAO PAULO,6,1995,Sociedade Limitada
35213100761,ALPHA CLINICA DE TERAPIAS INTEGRADAS COMERCIO REPRESENTACAO IMPORTACAO E EXPORTACAO LTDA.,SAO PAULO,6,1995,Sociedade Limitada
35213100770,COMERCIAL GOBELIM LTDA.,SAO PAULO,6,1995,Sociedade Limitada
35213100788,STUDIO 357 F. & W. COMERCIAL IMPORTACAO E EXPORTACAO LTDA.,CAMPINAS,6,1995,Sociedade Limitada
35213100796,VICK-FASHION - INSTITUTO DE BELEZA LTDA,ARARAS,6,1995,Sociedade Limitada
35213100800,CENTRAL DE MINERIOS DE LORENA INDUSTRIA E COMERCIO LTDA,LORENA,6,1995,Sociedade Limitada
35213100818,TRANSPORTES GANDRA LTDA,JUNDIAI,6,1995,Sociedade Limitada
35213100826,NICOLETTI INDUSTRIA E COMERCIO DE EQUIPAMENTOS ELETRONICOS LTDA,JUNDIAI,6,1995,Sociedade Limitada
35213100834,PERDOENSE INDUSTRIA E COMERCIO DE PISCINAS LTDA,BOM JESUS DOS PERDOES,6,1995,Sociedade Limitada
35213100842,ATM ASSISTENCIA TECNICA MECANOGRAFICA LTDA,FERNANDOPOLIS,6,1995,Sociedade Limitada
35213100851,SIDROMAR IMPRESSOS LTDA,CRUZEIRO,6,1995,Sociedade Limitada
35213100869,KADU HOT-DOG LTDA.,REGISTRO,6,1995,Sociedade Limitada
35213100877,TRANSGALI TRANSPORTES LTDA.,CAMPINAS,6,1995,Sociedade Limitada
35213100885,CASA DE CARNES VANSAN LTDA,CAMPINAS,6,1995,Sociedade Limitada
35213100893,VETQUIMICA COMERCIAL AGRICOLA LTDA,PAULINIA,6,1995,Sociedade Limitada
35213100907,DISKFACIL - PROMOCOES E PUBLICIDADE LTDA,CAMPINAS,6,1995,Sociedade Limitada
35213100915,PAULI CLEAN SERVICOS E COMERCIO LTDA.,PAULINIA,6,1995,Sociedade Limitada
35213100923,ANDORRA AGENCIA DE VIAGENS E TURISMO LTDA.,CAMPINAS,6,1995,Sociedade Limitada
35213100931,LAHO RESTAURANT - COMERCIO DE PRUDUTOS ALIMENTICIOS LTDA.,SAO PAULO,6,1995,Sociedade Limitada
35213100940,MJAN RESTAURANTE COMERCIO DE PRODUTOS ALIMENTICIOS LTDA.,SAO PAULO,6,1995,Sociedade Limitada
35213100958,BARD RESTAURANT - COMERCIO DE PRODUTOS ALIMENTICIOS LTDA.,SAO PAULO,6,1995,Sociedade Limitada
35213100974,ISOQUALITAS ENGENHARIA DE SISTEMAS LTDA.,SAO PAULO,6,1995,Sociedade Limitada
35213100982,CALYPSO MODAS COMERCIO DE VESTUARIO LTDA.,SAO PAULO,6,1995,Sociedade Limitada
35213101008,BAR E LANCHONETE DAEME LTDA.,SAO PAULO,6,1995,Sociedade Limitada
35213101016,OITAVA CLA COMERCIO DE ROUPAS LTDA.,SOROCABA,6,1995,Sociedade Limitada
35213101024,DANTAS APOIO AO TRANSPORTE LTDA.,SAO PAULO,6,1995,Sociedade Limitada
35213101032,CORSIL COMERCIAL VAREJISTA LTDA.,VALPARAISO,6,1995,Sociedade Limitada
35213101041,R.Z.Z. CONSTRUTORA LTDA.,SAO PAULO,6,1995,Sociedade Limitada
35213101059,F H S VIAGENS E MEIO AMBIENTE LTDA.,SAO PAULO,6,1995,Sociedade Limitada
35213101067,SENZIALI E MACHADO - COMERCIO E DISTRIBUIDORA DE PRODUTOS ALIMENTICIOS LTDA,MOGI DAS CRUZES,6,1995,Sociedade Limitada
35213101075,HEALTEC ELETRO MEDICINA LTDA,SAO PAULO,6,1995,Sociedade Limitada
35213101083,ALUA ASSESSORIA E COMERCIO LTDA,SAO PAULO,6,1995,Sociedade Limitada
35213101091,MEC WORK RECURSOS HUMANOS LTDA,EMBU,6,1995,Sociedade Limitada
35213101105,"GALLERY SEVEN COMERCIO,IMPORTACAO E EXPORTACAO LTDA",SAO PAULO,6,1995,Sociedade Limitada
35213101113,D. D. FLORES LTDA,SAO PAULO,6,1995,Sociedade Limitada
35213101121,ENDORFIN IMPORTACAO E EXPORTACAO LTDA,SAO PAULO,6,1995,Sociedade Limitada
35213101253,A.T.B. COMERCIO E MANUTENCAO DE EQUIPAMENTOS HOSPITALARES LTDA.,SAO PAULO,6,1995,Sociedade Limitada
35213101261,ANANIAS TELECOMUNICACOES E COMERCIO LTDA,SAO PAULO,6,1995,Sociedade Limitada
35213101270,MALAVAZI INDUSTRIA DE DOCES E SALGADOS LTDA.,SAO PAULO,6,1995,Sociedade Limitada
35213101288,TANGARA ENGENHARIA E CONSTRUCOES LTDA.,SAO PAULO,6,1995,Sociedade Limitada
35213101296,TRIBUTO COMERCIO DE ROUPAS E ACESSORIOS EM GERAL LTDA.,SANTOS,6,1995,Sociedade Limitada
35213101300,SOLUCOES-MAO DE OBRA DE CONSTRUCAO LTDA.,CUBATAO,6,1995,Sociedade Limitada
35213101318,NAGAZO SERRALHERIA LTDA.,CUBATAO,6,1995,Sociedade Limitada
35213101326,SUZANTUBOS COMERCIAL LTDA.,SUZANO,6,1995,Sociedade Limitada
35213101334,AUTO TRATO FUMIAKI LTDA.,MOGI DAS CRUZES,6,1995,Sociedade Limitada
35213101695,PRISMA INFO EQUIPAMENTOS DE INFORMATICA E AUTOMACAO LTDA,SAO BERNARDO DO CAMPO,6,1995,Sociedade Limitada
35213101709,TRANSASO - TRANSPORTES GERAIS LTDA.,SAO PAULO,6,1995,Sociedade Limitada
35213101717,AUTO BENS COMERCIO DE PECAS PARA CAMINHOES LTDA.,BARRETOS,6,1995,Sociedade Limitada
35213101725,IMAGEM - PRODUCOES E LOCACOES BARRETOS LTDA.,BARRETOS,6,1995,Sociedade Limitada
35213101733,ROCHA & SILVA DE BARRETOS LTDA.,BARRETOS,6,1995,Sociedade Limitada
35213102381,"GASFER INDUSTRIA E COMERCIO DE ARAMES LTDA ""INABILITADA PARA EXERCER ATIVIDADE EMPRESARIAL""",BAURU,6,1995,Sociedade Limitada
35213102390,ROUND PNEUS LTDA.,SAO JOSE DOS CAMPOS,6,1995,Sociedade Limitada
35213102403,P. X. LOPES NETO & CIA LTDA.,TREMEMBE,6,1995,Sociedade Limitada
35213102420,GODOY & VERZULO COMERCIO E REPRESENTACOES LTDA.,LEME,6,1995,Sociedade Limitada
35213102438,PERT-TEC EQUIPAMENTOS E INFORMATICA LTDA.,SAO PAULO,6,1995,Sociedade Limitada
35213102446,PIANELLLIS VEICULOS LTDA,GUARULHOS,6,1995,Sociedade Limitada
35213102454,SILVA E SILVA RIO CLARO LTDA.,RIO CLARO,6,1995,Sociedade Limitada
35213102462,SILVA & BUENO DROGARIA E PERFUMARIA LTDA,SAO MIGUEL ARCANJO,6,1995,Sociedade Limitada
35213102471,BARBIST & PAGLIARI LTDA,CHAVANTES,6,1995,Sociedade Limitada
35213102489,FORTPAV PAVIMENTACAO E SERVICOS LTDA,PEDERNEIRAS,6,1995,Sociedade Limitada
35213102497,MASSAS OLIVEIRA & PERES GUAIRA LTDA.,GUAIRA,6,1995,Sociedade Limitada
35213102501,GARCIA & RECCO LTDA,OLIMPIA,6,1995,Sociedade Limitada
35213102519,S. R PECAS E ACESSORIOS LTDA,LENCOIS PAULISTA,6,1995,Sociedade Limitada
35213102527,CIBELE TEIXEIRA & CIA. LTDA.,CABREUVA,6,1995,Sociedade Limitada
35213102535,OVOS ARAGEMA LTDA.,ARARAQUARA,6,1995,Sociedade Limitada
35213102543,HERCAM ALIMENTOS LTDA.,RIBEIRAO PRETO,6,1995,Sociedade Limitada
35213102551,A.M. BASSO & CIA LTDA.,RIBEIRAO PRETO,6,1995,Sociedade Limitada
35213102560,ADAPTA CENTRO OTICO LTDA.,RIBEIRAO PRETO,6,1995,Sociedade Limitada
35213102772,COSSALTER E PARENTE LTDA.,RIBEIRAO PRETO,6,1995,Sociedade Limitada
35213102781,GOLMIA PRODUTOS ALIMENTICIOS LTDA,RIBEIRAO PRETO,6,1995,Sociedade Limitada
35213102799,COUTINHO E PEREIRA COMERCIO DE AUTO PECAS LTDA.,CACAPAVA,6,1995,Sociedade Limitada
35213102802,MENDES GALDIN COMERCIO E REPRESENTACOES LTDA,NOVA ODESSA,6,1995,Sociedade Limitada
35213102811,VIA-G VIAGENS E TURISMO LTDA,CAMPINAS,6,1995,Sociedade Limitada
35213102934,ISA FLORA COMERCIO DE PLANTAS LTDA.,CAMPINAS,6,1995,Sociedade Limitada
35213102942,GRAFISMO PRODUCOES COMERCIAL E EMPREENDIMENTOS LTDA.,CAMPINAS,6,1995,Sociedade Limitada
35213102951,SOLANGE E. SARTORELLI & CIA.LTDA.,AMPARO,6,1995,Sociedade Limitada
35213102969,SBARRO CAFE LTDA.,CAMPINAS,6,1995,Sociedade Limitada
35213102977,QUINTA DE LINHARES MATERIAIS PARA CONSTRUCAO LTDA.,SAO PAULO,6,1995,Sociedade Limitada
35213102985,PAPELARIA E RELOJOARIA RITTER LTDA.,CAMPO LIMPO PAULISTA,6,1995,Sociedade Limitada
35213102993,PADARIA OBJETIVO LTDA.,CAMPINAS,6,1995,Sociedade Limitada
35213103001,ESTUDIO BROS COMERCIO DE PRESENTES E PAPELARIA EM GERAL LTDA.,CAMPINAS,6,1995,Sociedade Limitada
35213103019,C. B. TECH DO BRASIL COMERCIO E REPRESENTACOES LTDA.,HORTOLANDIA,6,1995,Sociedade Limitada
35213103027,"PITA,FERREIRA E SANCHES FUNILARIA E PINTURA EM GERAL LTDA",HORTOLANDIA,6,1995,Sociedade Limitada
35213103035,NEALFE INFORMATICA LTDA,SAO PAULO,6,1995,Sociedade Limitada
35213103043,A G N SERVICOS DE ESCRITORIO E APOIO ADMINISTRATIVO,SAO PAULO,6,1995,Sociedade Limitada
35213103051,CASA DE CARNES J & C GUARULHOS LTDA.,GUARULHOS,6,1995,Sociedade Limitada
35213103060,SOL ARTES GRAFICAS DE MARILIA LTDA.,MARILIA,6,1995,Sociedade Limitada
35213103078,PROPAC CONSTRUCOES E COMERCIO LTDA.,ESPIRITO SANTO DO TURVO,6,1995,Sociedade Limitada
35213103108,DOMAR CALCADOS LTDA.,FRANCA,6,1995,Sociedade Limitada
35213103116,OLDESCO - INDUSTRIAL E COMERCIAL LTDA.,FRANCA,6,1995,Sociedade Limitada
35213103124,ARTMODA FRANCA CONFECCOES LTDA.,FRANCA,6,1995,Sociedade Limitada
35213103132,IMPERADOR AUTO POSTO DE FRANCA LTDA,FRANCA,6,1995,Sociedade Limitada
35213103141,TOYS STORE DE FRANCA LTDA.,FRANCA,6,1995,Sociedade Limitada
35213103591,FURTADO & SCHMIDT SISTEMAS E EQUIPAMENTOS TOPOGRAFICOS LTDA.,SAO PAULO,6,1995,Sociedade Limitada
35213103604,COMERCIAL ANACLETOS LTDA,CARAPICUIBA,6,1995,Sociedade Limitada
35213103612,"TOQUE FINAL - CONFECCOES, INDUSTRIA E COMERCIO LTDA.",SAO PAULO,6,1995,Sociedade Limitada
35213103621,BESMUTEX CONFECCAO E COMERCIO DE ROUPAS LTDA,SAO PAULO,6,1995,Sociedade Limitada
35213103639,LUVAL - MOVEIS E UTILIDADES DOMESTICAS LTDA.,LENCOIS PAULISTA,6,1995,Sociedade Limitada
35213103647,BAUHAUS ESTRUTURAS E SERVICOS LTDA.,JOSE BONIFACIO,6,1995,Sociedade Limitada
35213103655,JESSICA E LUMAGAZINE LTDA,SAO PAULO,6,1995,Sociedade Limitada
35213103663,CAM COMERCIO DE ALIMENTOS LTDA,SAO PAULO,6,1995,Sociedade Limitada
35213103671,INDY CAR ESCAPAMENTOS LTDA,PIRAJU,6,1995,Sociedade Limitada
35213103680,CAFE ALPINI LTDA.,CAMPINAS,6,1995,Sociedade Limitada
35213103698,C.R. COIRADAS PRODUTOS ALIMENTICIOS LTDA,OURINHOS,6,1995,Sociedade Limitada
35213103701,INDEO-CAR MECANICA E PECAS LTDA,OURINHOS,6,1995,Sociedade Limitada
35213103710,LINCOL LIMPADORA E CONSERVADORA LTDA,JUNDIAI,6,1995,Sociedade Limitada
35213103728,DREAM DOG LANCHES E SUCOS LTDA,SAO PAULO,6,1995,Sociedade Limitada
35213103736,DU/SAM COMERCIO DE PRODUTOS ALIMENTICIOS LTDA,JUNDIAI,6,1995,Sociedade Limitada
35213103744,TEXEL TECNOLOGIA DA INFORMACAO LTDA,AMERICANA,6,1995,Sociedade Limitada
35213103752,BAR E LANCHONETE DO GAUCHO DE ITUPEVA LTDA.,ITUPEVA,6,1995,Sociedade Limitada
35213103761,CAZARINE EMPREENDIMENTOS IMOBILIARIOS LTDA.,SEVERINIA,6,1995,Sociedade Limitada
35213103795,BORRACHARIA E COMERCIO DE PNEUS BONFIGLIOLI LTDA,SAO PAULO,6,1995,Sociedade Limitada
35213103809,GML INFORMATICA COMERCIO E SERVICOS LTDA.,SAO PAULO,6,1995,Sociedade Limitada
35213103817,KIL AUTO PECAS COMERCIO E SERVICOS LTDA.,PRAIA GRANDE,6,1995,Sociedade Limitada
35213103825,FLY SERVICE COMERCIO E MANUTENCAO LTDA,SAO PAULO,6,1995,Sociedade Limitada
35213103892,"CICLO NORTE COMERCIO VAREJISTA DE BICICLETAS, PECAS E ACESSORIOS LTDA.",SAO SEBASTIAO,6,1995,Sociedade Limitada
35213103906,DEMAPLEX COMERCIO DE MOVEIS PARA ESCRITORIO LTDA.,ITATIBA,6,1995,Sociedade Limitada
35213103914,TABAPUA LOTERIAS LTDA,SAO PAULO,6,1995,Sociedade Limitada
35213103922,GERALDO SILVA DE CARVALHO & CIA LTDA,SILVEIRAS,6,1995,Sociedade Limitada
35213103931,MODESTO & BERTOCHI LTDA,SAO PEDRO,6,1995,Sociedade Limitada
35213103949,CAETANO & RODRIGUES LTDA,SAO PEDRO,6,1995,Sociedade Limitada
35213103957,PASCHOAL & OLIVEIRA LTDA.,SAO PEDRO,6,1995,Sociedade Limitada
35213103965,VICFER MANINHOS LTDA,PIRACICABA,6,1995,Sociedade Limitada
35213103973,INNET EMPREENDIMENTOS PARTICIPACOES LTDA,SAO PAULO,6,1995,Sociedade Limitada
35213103981,MN LANCHONETE LTDA,SAO PAULO,6,1995,Sociedade Limitada
35213103990,BEMIVESTE ROUPAS PROFISSIONAIS LTDA,SAO PAULO,6,1995,Sociedade Limitada
35213104007,BAR E MERCEARIA SANTO ANTONIO DE PIRAJU LTDA.,PIRAJU,6,1995,Sociedade Limitada
35213104015,POMA & POMA LTDA.,IPAUCU,6,1995,Sociedade Limitada
35213104023,VMS-VIDEO MICRO SISTEMA LTDA,SAO CARLOS,6,1995,Sociedade Limitada
35213104031,CARVALHO G.P. LOCACOES LTDA,CAMPINAS,6,1995,Sociedade Limitada
35213104040,ARMARINHO DUAS IRMAS DE DRACENA LTDA,DRACENA,6,1995,Sociedade Limitada
35213104058,PEREZ & DIANA INDUSTRIA E COMERCIO DE CONFECCOES LTDA,SAO PAULO,6,1995,Sociedade Limitada
35213104066,SUNON INFORMATICA LTDA,SAO PAULO,6,1995,Sociedade Limitada
35213104074,RIPISOLDAS COMERCIO DE SOLDAS E FERRAMENTAS LTDA.,RIBEIRAO PIRES,6,1995,Sociedade Limitada
35213104082,HOT CAR REPRESENTACAO E MECANICA AUTOMOTIVA LTDA,SAO JOSE DOS CAMPOS,6,1995,Sociedade Limitada
35213104091,VALE FONES LTDA,SAO JOSE DOS CAMPOS,6,1995,Sociedade Limitada
35213104104,SVG COMERCIO E ASSISTENCIA TECNICA LTDA.,SAO JOSE DOS CAMPOS,6,1995,Sociedade Limitada
35213104503,DEGRAUS VIDEO LOCADORA LTDA,VALINHOS,6,1995,Sociedade Limitada
35213104562,LINE 1 LTDA.,SAO JOSE DO RIO PRETO,6,1995,Sociedade Limitada
35213104571,CIADER COMERCIO INTERNACIONAL LTDA.,SAO PAULO,6,1995,Sociedade Limitada
35213104589,DIAP-DISTRIBUIDORA DE AREIA E PEDRA LTDA.,SAO PAULO,6,1995,Sociedade Limitada
35213104597,POSTO DE LAVAGEM TATO'S LTDA,SOROCABA,6,1995,Sociedade Limitada
35213104601,INCA INDUSTRIA E COMERCIO DE ABRASIVOS LTDA,SOROCABA,6,1995,Sociedade Limitada
35213104619,"PLANALTO COMERCIO, ADMINISTRACAO, E LOCADORA E VEICULOS LTDA.",CAMPINAS,6,1995,Sociedade Limitada
35213104627,DROGARIA E PERFUMARIA ESTEFANI SOROCABA LTDA,SOROCABA,6,1995,Sociedade Limitada
35213104635,SUPREMA NUTRIMENTOS IMPORTACAO E EXPORTACAO LTDA,SOROCABA,6,1995,Sociedade Limitada
35213104643,LANCHONETE LILI BRASIL LTDA,SAO PAULO,6,1995,Sociedade Limitada
35213104651,JR CRIATIVA BRASIL - COMERCIAL DISTRIBUIDORA E EDITORA LTDA.,SAO PAULO,6,1995,Sociedade Limitada
35213104660,FARAOS COMERCIO E IMPERMEABILIZACAO LTDA.,SAO PAULO,6,1995,Sociedade Limitada
35213104678,NOTAVEL COMERCIO E SERVICOS AUTOMOTIVOS LTDA,SAO PAULO,6,1995,Sociedade Limitada
35213104686,IRIDAEA COMERCIAL IMPORTADORA E EXPORTADORA LTDA.,SAO PAULO,6,1995,Sociedade Limitada
35213104694,ARTE FUTURA ESCOLA E COMERCIO DE JOALHERIA ARTESANAL LTDA.,SAO PAULO,6,1995,Sociedade Limitada
35213104708,THAT'S BAZAR E PAPELARIA LTDA.,SAO PAULO,6,1995,Sociedade Limitada
35213104716,BILU DOCES E SALGADOS LTDA.,SAO PAULO,6,1995,Sociedade Limitada
35213104724,C.TEC ADVANCED IMPORTEDS COMERCIO E ASSISTENCIA TECNICA LTDA.,SAO PAULO,6,1995,Sociedade Limitada
35213104732,POLIDORA CANDIDO LIMA LTDA.,GUARULHOS,6,1995,Sociedade Limitada
35213104741,SDRUVI VESTUARIO LTDA,GUARULHOS,6,1995,Sociedade Limitada
35213104759,FALCHI LANCHES LTDA,SAO JOSE DO RIO PRETO,6,1995,Sociedade Limitada
35213104767,SHALOON LAVAGEM E ESTACIONAMENTO DE VEICULOS LTDA,SAO JOSE DO RIO PRETO,6,1995,Sociedade Limitada
35213104775,ESPECIALIDADE DA CARNE LTDA,SAO PAULO,6,1995,Sociedade Limitada
35213104783,I.D. OFICINA DE BRINQUEDOS LTDA.,JANDIRA,6,1995,Sociedade Limitada
35213104791,CEREALISTA PETROPOLIS LTDA,VARGEM GRANDE DO SUL,6,1995,Sociedade Limitada
35213104813,CONTATOR MATERIAIS ELETRICOS LTDA,VINHEDO,6,1995,Sociedade Limitada
35213104821,TOSCHI E CARVALHO LTDA,VOTUPORANGA,6,1995,Sociedade Limitada
35213104830,VIAES E DI MADEO LTDA,MONTE ALTO,6,1995,Sociedade Limitada
35213104848,MODAS INFANTO JUVENIL DIMA LTDA,SAO PAULO,6,1995,Sociedade Limitada
35213104856,TWO T'S COMERCIAL IMPORTADORA E EXPORTADORA LTDA.,SAO PAULO,6,1995,Sociedade Limitada
35213104864,LA SIERRA CONFECCOES LTDA.,DIADEMA,6,1995,Sociedade Limitada
35213104872,COMERCIO DE ALIMENTOS CROSTATERIE LTDA,SAO PAULO,6,1995,Sociedade Limitada
35213104881,JOTA-R COMUNICACAO VISUAL LTDA,BAURU,6,1995,Sociedade Limitada
35213104899,U-HAUL VIDEO LOCADORA LTDA.,SAO PAULO,6,1995,Sociedade Limitada
35213104902,GASPAR & SILAS COMERCIO DE FITAS LTDA,SAO PAULO,6,1995,Sociedade Limitada
35213104911,FRANCA-EXPRESS LABORATORIO E COMERCIO DE MATERIAL FOTOGRAFICO LTDA.,FRANCA,6,1995,Sociedade Limitada
35213104929,MERCADO MORUNGABA LTDA.,MORUNGABA,6,1995,Sociedade Limitada
35213104937,PRO-LAR MARCENARIA E FERRAGENS LTDA.,ITAPECERICA DA SERRA,6,1995,Sociedade Limitada
35213104945,TIME SAVERS COMERCIO E SERVICOS LTDA. ME.,SAO PAULO,6,1995,Sociedade Limitada
35213104953,ACOS HOBBY COMERCIO DE TUBOS E PLASTICOS LTDA.,SANTO ANDRE,6,1995,Sociedade Limitada
35213104961,ALENCAR MARIJU - CORRETORA DE SEGUROS LTDA,GUARAREMA,6,1995,Sociedade Limitada
35213104970,CASUAL BAR E MERCEARIA LTDA.,SAO PAULO,6,1995,Sociedade Limitada
35213104988,MISTER COMERCIO DE MATERIAIS DE CONSTRUCAO LTDA,SAO BERNARDO DO CAMPO,6,1995,Sociedade Limitada
35213104996,GERALMETAL COMERCIO DE METAIS LTDA.,OSASCO,6,1995,Sociedade Limitada
35213105003,ROVERE & GALVAO LTDA.,IACANGA,6,1995,Sociedade Limitada
35213105011,RME TRANSPORTES LTDA.,SAO PAULO,6,1995,Sociedade Limitada
35213105020,DE L'OR CONFECCOES LTDA.,SAO PAULO,6,1995,Sociedade Limitada
35213105038,ESIB CONSTRUCAO CIVIL TELECOMUNICACOES E COMERCIO LTDA.,SAO PAULO,6,1995,Sociedade Limitada
35213105046,DAMI FACTORING FOMENTO COMERCIAL LTDA.,SANTOS,6,1995,Sociedade Limitada
35213105054,CONFECCOES ZUCLA INDUSTRIA E COMERCIO LTDA.,SAO PAULO,6,1995,Sociedade Limitada
35213105062,DRESSWELL CONFECCOES LTDA.,SAO BERNARDO DO CAMPO,6,1995,Sociedade Limitada
35213105071,ELETROPIRES COMERCIO E SERVICO DE ELETRICIDADE LTDA,SAO PAULO,6,1995,Sociedade Limitada
35213105089,QUALITY SERVICOS DE DUPLICACAO LTDA,SAO PAULO,6,1995,Sociedade Limitada
35213105216,LA PELLA GIOVENNE COSMETICOS LTDA,SAO PAULO,6,1995,Sociedade Limitada
35213105224,PLAST METAL POLIMEROS TERMOFORMADOS LTDA.,LIMEIRA,6,1995,Sociedade Limitada
35213105232,LOJAS TILIBRA LTDA.,BAURU,6,1995,Sociedade Limitada
35213105526,ERGBEM - ESTAQUEAMENTO E EMPREITEIRA LTDA,SOROCABA,6,1995,Sociedade Limitada
35213105534,J. S. RESTAURANTE VOTUPORANGA LTDA.,VOTUPORANGA,6,1995,Sociedade Limitada
35213105542,FORTI & FLORENTINO LTDA.,PIRACICABA,6,1995,Sociedade Limitada
35213105551,PANIFICADORA D'NAPOLLI LTDA.,AMERICANA,6,1995,Sociedade Limitada
35213105569,LOURENCO E ALMEIDA LTDA.,PENAPOLIS,6,1995,Sociedade Limitada
35213105577,DELRYO TRADING LTDA.,SAO PAULO,6,1995,Sociedade Limitada
35213105585,MOVAL ENGENHARIA E CONSTRUCOES LTDA.,SAO PAULO,6,1995,Sociedade Limitada
35213105593,ADEGA FLOR DO REID LTDA.,DIADEMA,6,1995,Sociedade Limitada
35213105607,CANTINA REAL DO PARQUE LTDA.,SAO PAULO,6,1995,Sociedade Limitada
35213105615,TACON & TACON LTDA,SANTA RITA DO PASSA QUATRO,6,1995,Sociedade Limitada
35213105623,MELADOOS COMERCIO DE DOCES E SALGADOS LTDA,SAO PAULO,6,1995,Sociedade Limitada
35213105631,EJITO - REPRESENTACOES E COMERCIO LTDA.,NEVES PAULISTA,6,1995,Sociedade Limitada
35213105640,CABBAZ & SCOTT LTDA.,SAO JOSE DO RIO PRETO,6,1995,Sociedade Limitada
35213105658,ESTACIONAMENTO BOREAU LTDA,SAO JOSE DO RIO PRETO,6,1995,Sociedade Limitada
35213105666,LOBANCO & LOBANCO LTDA.,SAO JOSE DO RIO PRETO,6,1995,Sociedade Limitada
35213105674,PADARIA ESMERALDA RIO PRETO LTDA,SAO JOSE DO RIO PRETO,6,1995,Sociedade Limitada
35213105682,REBORN CONFECCOES LTDA,SAO JOSE DO RIO PRETO,6,1995,Sociedade Limitada
35213105691,VIABRASIL RIO PRETO VIAGENS E TURISMO LTDA,SAO JOSE DO RIO PRETO,6,1995,Sociedade Limitada
35213105704,CONFECCOES JOMAYA LTDA.,MESOPOLIS,6,1995,Sociedade Limitada
35213105712,AQUARIOS MAZZONI AGUIAR LTDA.,SAO JOAO DA BOA VISTA,6,1995,Sociedade Limitada
35213105721,G. F. DOCEMA E CIA. LTDA.,SAO JOAO DA BOA VISTA,6,1995,Sociedade Limitada
35213105739,JOMA TRATAMENTO DE SUPERFICIES LTDA.,LIMEIRA,6,1995,Sociedade Limitada
35213105747,TOPP DO BRASIL LTDA.,SAO PAULO,6,1995,Sociedade Limitada
35213105755,GODOY & NASCIMENTO SJCAMPOS LTDA,SAO JOSE DOS CAMPOS,6,1995,Sociedade Limitada
35213105763,L. A. KID INDUSTRIA E COMERCIO DE CALCADOS LTDA.,BIRIGUI,6,1995,Sociedade Limitada
35213105771,BAR E LANCHONETE ALTOS DE SANTANA LTDA,SAO JOSE DOS CAMPOS,6,1995,Sociedade Limitada
35213105780,MIL EPOCAS COMERCIAL LTDA,MAIRIPORA,6,1995,Sociedade Limitada
35213105798,COMERCIAL MARANGONE LTDA.,SAO PAULO,6,1995,Sociedade Limitada
35213105801,EVANILDE DE OLIVEIRA VIUDES & CIA LTDA.,MARABA PAULISTA,6,1995,Sociedade Limitada
35213105810,DAMA DE OURO VIDEO LOCADORA LTDA.,SANTO ANDRE,6,1995,Sociedade Limitada
35213105828,JOSE URTIGA SOBRINHO & CIA. LTDA.,GUARATINGUETA,6,1995,Sociedade Limitada
35213105836,HISO TRANSPORTES INTERMODAL LTDA.,SANTOS,6,1995,Sociedade Limitada
35213105844,SANLY COMERCIO DE COSMETICOS E ACESSORIOS LTDA,TABOAO DA SERRA,6,1995,Sociedade Limitada
35213105852,PINHO & NAKASATO LTDA.,SANTOS,6,1995,Sociedade Limitada
35213105861,ANDRADE & CARREGOSA CAFE LTDA,SAO VICENTE,6,1995,Sociedade Limitada
35213105879,TRANSWILLIAN TRANSPORTES LTDA,BIRIGUI,6,1995,Sociedade Limitada
35213105887,BENEFICIAMENTO TEXTIL MULTI-COLOR LTDA,AMERICANA,6,1995,Sociedade Limitada
35213105895,A.T. COOPEM SERVICOS TEMPORARIOS LTDA.,SAO PAULO,6,1995,Sociedade Limitada
35213105909,LUCKY - REPRESENTACAO DE VIAGENS E TURISMO LTDA,SAO PAULO,6,1995,Sociedade Limitada
35213105917,MONYTECH SERVICOS DE MANUTENCAO E COMERCIO DE SISTEMAS DE TELECOMUNICACOES LTDA,SAO PAULO,6,1995,Sociedade Limitada
35213105925,M. R. REPRESENTACOES LTDA.,SAO PAULO,6,1995,Sociedade Limitada
35213105933,DIMENPLAST INDUSTRIA E COMERCIO DE PLASTICOS LTDA.,SUMARE,6,1995,Sociedade Limitada
35213105941,HITEC 9000-PROJETOS ASSISTENCIA TECNICA E COMERCIO LTDA,SAO PAULO,6,1995,Sociedade Limitada
35213105950,SOFTM DOIS A COMERCIO E SERVICOS DE INFORMATICA LTDA.,SAO PAULO,6,1995,Sociedade Limitada
35213105968,DI VI ENNA CHOCOLATES LTDA,OSASCO,6,1995,Sociedade Limitada
35213105976,ANJAO MATERIAIS PARA CONSTRUCAO LTDA,SAO PAULO,6,1995,Sociedade Limitada
35213105984,ELOAN MAGAZINE LTDA.,SAO PAULO,6,1995,Sociedade Limitada
35213105992,LCS PRODUCOES DE VIDEO LTDA.,CAMPINA DO MONTE ALEGRE,6,1995,Sociedade Limitada
35213106000,COURRIER CARGO TRANSPORTE LTDA,SAO PAULO,6,1995,Sociedade Limitada
35213106018,CICLO JHONY LTDA.,COTIA,6,1995,Sociedade Limitada
35213106026,DANEL'S COMERCIO DE ROUPAS LTDA.,SAO PAULO,6,1995,Sociedade Limitada
35213106034,ITAPE-ACU COMERCIO LTDA.,SAO PAULO,6,1995,Sociedade Limitada
35213106042,NOVA CARBURACAO COMERCIAL E SERVICOS LTDA.,GUARULHOS,6,1995,Sociedade Limitada
35213106051,D.L. COMERCIO DE ALIMENTOS LTDA.,SAO PAULO,6,1995,Sociedade Limitada
35213106069,F.P.V.2 - VIDEO LOCADORA LTDA,SAO PAULO,6,1995,Sociedade Limitada
35213106077,IRMAOS MERIGHI VINHEDO LTDA.,VINHEDO,6,1995,Sociedade Limitada
35213106085,MARINABELLA INDUSTRIA E COMERCIO LTDA.,TABOAO DA SERRA,6,1995,Sociedade Limitada
35213106093,CERUKS & CERUKS ACAMPAMENTO LTDA,MONTEIRO LOBATO,6,1995,Sociedade Limitada
35213106107,ISMAEL MASSAMI TAKIGUCHI E CIA LTDA.,APIAI,6,1995,Sociedade Limitada
35213106115,M.C.N. COMERCIO DE CONFECCOES LTDA.,SAO PAULO,6,1995,Sociedade Limitada
35213106123,COMERCIAL ASTRA CINCO MATERIAIS PARA CONSTRUCAO LTDA.,JARINU,6,1995,Sociedade Limitada
35213106131,SKY FLY EQUIPMENT COMERCIO E EXPORTACAO LTDA.,ATIBAIA,6,1995,Sociedade Limitada
35213106140,PANCHONETE E PASTELARIA DO CALCADAO DE SAO SEBASTIAO LTDA.,SAO SEBASTIAO,6,1995,Sociedade Limitada
35213106158,BOSS BAURU LOCACOES E SERVICOS LTDA,AGUDOS,6,1995,Sociedade Limitada
35213106166,PAL YAR DO BRASIL LTDA.,BAURU,6,1995,Sociedade Limitada
35213106174,M V M IMPORTS COMERCIO IMPORTACAO E EXPORTACAO LTDA.,SAO PAULO,6,1995,Sociedade Limitada
35213106182,HANSEN BUREAU ARTE E COMUNICACAO LTDA.,SANTO ANDRE,6,1995,Sociedade Limitada
35213106191,STYWARE INFORMATICA LTDA.,GUARULHOS,6,1995,Sociedade Limitada
35213106204,DINA BEL COMERCIAL LTDA.,EMBU-GUACU,6,1995,Sociedade Limitada
35213106212,T.S.NATACAO E HIDROGINASTICA LTDA.,JAGUARIUNA,6,1995,Sociedade Limitada
35213106221,CALLEGARI & PREBIANCHI LTDA.,JUNDIAI,6,1995,Sociedade Limitada
35213106239,CASTELO GRANJA VIANA ESPACO DE EVENTOS LTDA,COTIA,6,1995,Sociedade Limitada
35213106247,COMERCIO DE ARTIGOS PARA FESTAS ARCA AZUL LTDA.,JUNDIAI,6,1995,Sociedade Limitada
35213106255,M.C. BOCATO PRODUCOES E REPRESENTACOES LTDA,SAO PAULO,6,1995,Sociedade Limitada
35213106263,FERRAGENS EMAPU LTDA,SAO PAULO,6,1995,Sociedade Limitada
35213106271,TRIMPAC INFORMATICA LTDA.,SAO PAULO,6,1995,Sociedade Limitada
35213106280,FRUTTI PRODUTOS ALIMENTICIOS LTDA.,MOGI DAS CRUZES,6,1995,Sociedade Limitada
35213106298,GILBERTO & KATIA CIA. LTDA.,SAO VICENTE,6,1995,Sociedade Limitada
35213106301,PANIFICADORA E CONFEITARIA VANUTHI LTDA.,SANTOS,6,1995,Sociedade Limitada
35213106310,BAC COMERCIO E DISTRIBUIDORA DE ALIMENTOS LTDA,SAO PAULO,6,1995,Sociedade Limitada
35213106328,ACCENTURE CONSULTORIA DE INDUSTRIA E CONSUMO LTDA.,SAO PAULO,6,1995,Sociedade Limitada
35213106336,ACCENTURE CONSULTORIA DE RECURSOS NATURAIS LTDA.,SAO PAULO,6,1995,Sociedade Limitada
35213106344,COMERCIAL JUNQUEIRA E FERNANDES LTDA.,PRAIA GRANDE,6,1995,Sociedade Limitada
35213106352,BOATE TERRACO MATAO LTDA.,MATAO,6,1995,Sociedade Limitada
35213106361,ESTILO PISOS E CARPETES LTDA.,SAO PAULO,6,1995,Sociedade Limitada
35213106379,CASA BULGARA DOCES E SALGADOS FINOS LTDA,COTIA,6,1995,Sociedade Limitada
35213106387,DROPS JUNIOR MODAS DE TAUBATE LTDA.,TAUBATE,6,1995,Sociedade Limitada
35213106395,KAWABATA COMERCIAL EXPORTADORA E IMPORTADORA LTDA,PILAR DO SUL,6,1995,Sociedade Limitada
35213106409,PREST-SERV REPRESENTACOES LTDA.,CRAVINHOS,6,1995,Sociedade Limitada
35213106417,MASTER OLDO ATACADO LTDA,CATANDUVA,6,1995,Sociedade Limitada
35213106425,DI MATTEO - ROUPAS E CALCADOS LTDA,PIRACICABA,6,1995,Sociedade Limitada
35213106433,REVOLTI & BRAGA LTDA.,MONTE ALTO,6,1995,Sociedade Limitada
35213106441,TRIPTICUS CINEMATOGRAFICA LTDA.,SANTANA DE PARNAIBA,6,1995,Sociedade Limitada
35213106450,POST FRAME PROPAGANDA & PUBLICIDADE LTDA,JUQUITIBA,6,1995,Sociedade Limitada
35213106468,TELI'S VIDEO LOCADORA LTDA.,SAO PAULO,6,1995,Sociedade Limitada
35213106476,DUTEM MAO-DE-OBRA TEMPORARIA LTDA,SAO PAULO,6,1995,Sociedade Limitada
35213106484,SERAFINS - ARTIGOS PARA PRESENTES LTDA.,SAO PAULO,6,1995,Sociedade Limitada
35213106492,ADDING ON CORTINAS LTDA.,SAO PAULO,6,1995,Sociedade Limitada
35213106506,X.R PRODUCOES ARTISTICAS LTDA,SAO PAULO,6,1995,Sociedade Limitada
35213106514,FALCAO NETO -REPRESENTACOES COMERCIAIS LTDA.,SAO PAULO,6,1995,Sociedade Limitada
35213106522,ENGEMONTHIO MONTAGENS HIDRAULICAS E INSTALACOES LTDA,SAO PAULO,6,1995,Sociedade Limitada
35213106531,FRENARY BAZAR E PAPELARIA LTDA.,SAO PAULO,6,1995,Sociedade Limitada
35213106549,DI LUCCA CHOPERIA E PETISCOS LTDA.,SAO PAULO,6,1995,Sociedade Limitada
35213106557,SKY TOUR-DBM VIAGENS E TURISMO LTDA,SAO PAULO,6,1995,Sociedade Limitada
35213106565,CONSULTWAY CONSULTORIA E COMERCIO DE INFORMATICA LTDA.,SAO PAULO,6,1995,Sociedade Limitada
35213106573,ARNALDO & SILVIA LTDA.,SAO PAULO,6,1995,Sociedade Limitada
35213106581,ALEMDAMASSA PIZZARIA LTDA,SAO PAULO,6,1995,Sociedade Limitada
35213106590,OLGA RUIZ COMERCIO DE ROUPAS LTDA,BRAGANCA PAULISTA,6,1995,Sociedade Limitada
35213106603,DROGARIA SAO LAZARO DE PINHALZINHO LTDA.,PINHALZINHO,6,1995,Sociedade Limitada
35213106611,ANDRESS REPRESENTACOES LTDA.,OSASCO,6,1995,Sociedade Limitada
35213106620,M. C. LOPES REPRESENTACAO COMERCIAL LTDA,SAO PAULO,6,1995,Sociedade Limitada
35213106638,ATACASOM COMERCIO E REPRESENTACAO LTDA,SAO JOSE DO RIO PRETO,6,1995,Sociedade Limitada
35213106646,MACHADO E CRISCUOLO LTDA.,MOCOCA,6,1995,Sociedade Limitada
35213106654,PLASTICS MATERIALS MATERIAS-PRIMAS TERMOPLASTICAS LTDA.,MACAUBAL,6,1995,Sociedade Limitada
35213106662,ALEXANDRE INVENCIONI & CIA LTDA.,SERRA NEGRA,6,1995,Sociedade Limitada
35213106671,P. F. M. MATERIAIS RODANTES LTDA.,CARAPICUIBA,6,1995,Sociedade Limitada
35213106689,MARIANA COMERCIO DE PRODUTOS FOTOGRAFICOS LTDA.,SAO PAULO,6,1995,Sociedade Limitada
35213106697,CENTER CARNES RAFA LTDA.,SAO PAULO,6,1995,Sociedade Limitada
35213106701,ALBANO & GRACIOLA LTDA,ITOBI,6,1995,Sociedade Limitada
35213106719,TAPEKUA BAR LTDA.,FRANCA,6,1995,Sociedade Limitada
35213106727,JOAQUIM EMERENCIANO DE SOUSA NETO & CIA LTDA,FRANCA,6,1995,Sociedade Limitada
35213106735,L X CONFECCOES LTDA.,ITAJOBI,6,1995,Sociedade Limitada
35213106743,K.G. COMERCIO DE AUTO PECAS LTDA,COTIA,6,1995,Sociedade Limitada
35213106751,SIMOES MAQUINAS E MOTORES LTDA.,SAO PAULO,6,1995,Sociedade Limitada
35213106760,MASTER COMERCIO E ESTETICA LTDA.,CAMPINAS,6,1995,Sociedade Limitada
35213106778,SUPEROHM IMPORTACAO E EXPORTACAO DE EQUIPAMENTOS CIENTIFICOS LTDA,PIRACICABA,6,1995,Sociedade Limitada
35213106786,ZEN COMERCIO DE FRIOS E LATICINIOS LTDA.,PIRACICABA,6,1995,Sociedade Limitada
35213106794,EPISODIUM CONFECCOES DE PIRACICABA LTDA,PIRACICABA,6,1995,Sociedade Limitada
35213106808,MAINARDES COSTA COMERCIO E SERVICOS DA CONSTRUCAO CIVIL LTDA,SAO PAULO,6,1995,Sociedade Limitada
35213106816,GENESPAN EQUIPAMENTOS PARA PANIFICACAO LTDA,SAO PAULO,6,1995,Sociedade Limitada
35213106824,DOCE MAIOR COMERCIO DE DOCES LTDA,SAO PAULO,6,1995,Sociedade Limitada
35213106832,CESTEK COMERCIO DE GENEROS ALIMENTICIOS LTDA,SAO PAULO,6,1995,Sociedade Limitada
35213106841,AIRI DISTRIBUIDORA DE BEBIDAS LTDA,SAO PAULO,6,1995,Sociedade Limitada
35213106859,TRANSPORTADORA NEICAR DE ITAPIRA LTDA,ITAPIRA,6,1995,Sociedade Limitada
35213106867,TRANS-JULIANO TRANSPORTES RODOVIARIOS LTDA.,CAMPINAS,6,1995,Sociedade Limitada
35213106875,ALONSO & DENADAI COMERCIO DE TECIDOS LTDA.,NOVA ODESSA,6,1995,Sociedade Limitada
35213106883,BEINOTTI E BEINOTTI LTDA.,ARARAS,6,1995,Sociedade Limitada
35213106891,LANCHONETE E DANCETERIA BIG HOUSE LTDA.,ITAPEVI,6,1995,Sociedade Limitada
35213106905,SOLUCAO EMPRESARIAL ANDRADINA LTDA.,ANDRADINA,6,1995,Sociedade Limitada
35213106913,MAGAZINE E BOMBONIERE ORIENTE LTDA.,ITAPEVI,6,1995,Sociedade Limitada
35213106921,CONFEITARIA BOLO DE TIA LTDA,SAO PAULO,6,1995,Sociedade Limitada
35213106930,FLORICULTURA ANDRADE LTDA.,SAO PAULO,6,1995,Sociedade Limitada
35213106948,DOIS W COMERCIO DE PRODUTOS ALIMENTICIOS LTDA.,SAO PAULO,6,1995,Sociedade Limitada
35213106956,BAR E LANCHES S'KALIBUR LTDA.,SAO PAULO,6,1995,Sociedade Limitada
35213106964,APC CONSULTORIA EM SOFTWARE LTDA,RIBEIRAO PRETO,6,1995,Sociedade Limitada
35213106972,ISLAND CONFECCOES LTDA.,SAO PAULO,6,1995,Sociedade Limitada
35213106981,FLASH COMERCIAL LTDA.,SAO PAULO,6,1995,Sociedade Limitada
35213106999,WOLO SOUND VIDEO LTDA.,TAUBATE,6,1995,Sociedade Limitada
35213107006,L. B. PAES MONTEIRO & CIA. LTDA.,PINDAMONHANGABA,6,1995,Sociedade Limitada
35213107014,B.C. VEICULOS LTDA.,SAO PAULO,6,1995,Sociedade Limitada
35213107022,PORTIFOLIO - REPRESENTACOES COMERCIAIS LTDA.,SAO PAULO,6,1995,Sociedade Limitada
35213107031,CENTRO DE CONDICIONAMENTO FISICO DE SAO CARLOS LTDA.,SAO CARLOS,6,1995,Sociedade Limitada
35213107049,NASCIMENTO & FERNANDES COMERCIO DE LEGUMES LTDA,SANTO ANDRE,6,1995,Sociedade Limitada
35213107057,QUINTAL BRASILEIRO RESTAURANTE E LANCHONETE LTDA.,SAO PAULO,6,1995,Sociedade Limitada
35213107065,ODONTO TRADE COMERCIO E SERVICOS LTDA.,SAO PAULO,6,1995,Sociedade Limitada
35213107073,ROSALIA FATIMA DE JESUS & CIA LTDA,ARACATUBA,6,1995,Sociedade Limitada
35213107081,SILVA & ZAKRAJICK LTDA.,PENAPOLIS,6,1995,Sociedade Limitada
35213107090,RAIZA DISTRIBUIDORA DE PRODUTOS ALIMENTICIOS LTDA,ARACATUBA,6,1995,Sociedade Limitada
35213107103,MERCOPLAST COMERCIAL LTDA,SAO PAULO,6,1995,Sociedade Limitada
35213107111,SERRALHERIA PORTUALTO LTDA.,SAO PAULO,6,1995,Sociedade Limitada
35213107120,SANTA EDWIGES FERRAGENS LTDA.,GUARULHOS,6,1995,Sociedade Limitada
35213107138,JU'S PERFUMES LTDA,SAO PAULO,6,1995,Sociedade Limitada
35213107146,ROAD STOP LANCHES E PAES LTDA,SAO PAULO,6,1995,Sociedade Limitada
35213107154,FRUTOMAR COMERCIO DE FRUTOS DO MAR LTDA.,SAO PAULO,6,1995,Sociedade Limitada
35213107162,CREPUSCULO EMPREITEIRA DE CONSTRUCAO CIVIL LTDA.,IBIUNA,6,1995,Sociedade Limitada
35213107171,CLEAN ENVIRONMENT BRASIL ENGENHARIA E COMERCIO LTDA.,VALINHOS,6,1995,Sociedade Limitada
35213107189,RODOBAN PNEUS LTDA.,GUARULHOS,6,1995,Sociedade Limitada
35213107197,M MARIANO CONFECCOES LTDA,SAO PAULO,6,1995,Sociedade Limitada
35213107201,MARIAL BAR E MERCEARIA LTDA.,SAO PAULO,6,1995,Sociedade Limitada
35213107219,ACM INDUSTRIA E COMERCIO DE PAPEIS LTDA.,GUARULHOS,6,1995,Sociedade Limitada
35213107227,VIMAEX LTDA.,SAO PAULO,6,1995,Sociedade Limitada
35213107235,RAMBLAS CAFE LTDA.,SAO PAULO,6,1995,Sociedade Limitada
35213107243,THE BEST TECNOLOGIA INFRAESTRUTURA E COMERCIO LTDA,SAO PAULO,6,1995,Sociedade Limitada
35213107251,ROYAL EXPRESS COURIER LTDA.,SAO PAULO,6,1995,Sociedade Limitada
35213107260,F C L EMPREENDIMENTOS E PARTICIPACOES LTDA,SAO PAULO,6,1995,Sociedade Limitada
35213107278,GRANDE ESTILO MOTOS LTDA,SAO PAULO,6,1995,Sociedade Limitada
35213107286,AGUA VIVA LANCHONETE E SERVICOS LTDA.,SAO PAULO,6,1995,Sociedade Limitada
35213107294,PERI - PERI COMERCIO DE GENEROS ALIMENTICIOS LTDA.,SAO PAULO,6,1995,Sociedade Limitada
35213107308,REPATRA INDUSTRIA E COMERCIO DE CONEXOES DE ACO INOXIDAVEL LTDA,SAO PAULO,6,1995,Sociedade Limitada
35213107316,TECNOFER REPRESENTACOES COMERCIAIS LTDA.,SAO CAETANO DO SUL,6,1995,Sociedade Limitada
35213107324,AUTO LANCHES DO GRILO CAMPINAS LTDA,CAMPINAS,6,1995,Sociedade Limitada
35213107332,"TELAMAR COMERCIO E SERVICOS EM MAQUINAS COPIADORAS, IMPRESSORAS E MULTIFUNCIONAIS LTDA",JUNDIAI,6,1995,Sociedade Limitada
35213107341,ARGENTA COMERCIO DE JOIAS E PRESENTES LTDA,CAMPINAS,6,1995,Sociedade Limitada
35213107359,CAMPITALMA COMERCIO DE MOVEIS E EQUIPAMENTOS PARA ESCRITORIO LTDA-EPP.,CAMPINAS,6,1995,Sociedade Limitada
35213107367,MODAS LEMARY DE SAO PAULO LTDA,SAO PAULO,6,1995,Sociedade Limitada
35213107375,REOZONE ADMINISTRACAO E COMERCIO LTDA.,SAO PAULO,6,1995,Sociedade Limitada
35213107383,ITAZI ENGENHARIA LTDA,SAO PAULO,6,1995,Sociedade Limitada
35213107391,ABILITY COMPUTADORES LTDA,SAO PAULO,6,1995,Sociedade Limitada
35213107405,COOPERVIDEO TRANSPORTES RODOVIARIOS LTDA,SANTANA DE PARNAIBA,6,1995,Sociedade Limitada
35213107413,CONDE E TRIDA LTDA.,PINDORAMA,6,1995,Sociedade Limitada
35213107421,AMADEU E PESSINA LTDA.,JALES,6,1995,Sociedade Limitada
35213107430,LAWAL LAVAGEM E REPRESENTACOES E COMERCIO LTDA.,SAO JOAO DA BOA VISTA,6,1995,Sociedade Limitada
35213107448,NEPAL MODELACAO EM MADEIRA LTDA.,SAO PAULO,6,1995,Sociedade Limitada
35213107456,ILHA BELA AGENCIA DE VIAGENS E TURISMO LTDA.,SAO PAULO,6,1995,Sociedade Limitada
35213107464,EUROCORP PARTICIPACOES LTDA.,SAO PAULO,6,1995,Sociedade Limitada
35213107472,SAND & LI INDUSTRIA E COMERCIO DE CONFECCOES LTDA,SAO PAULO,6,1995,Sociedade Limitada
35213107481,GUARA - COMERCIO E REPRESENTACOES DE MEDICAMENTOS LTDA,GUARARAPES,6,1995,Sociedade Limitada
35213107499,VANBER SERVICOS DE SOLDAS LTDA.,SAO PAULO,6,1995,Sociedade Limitada
35213107502,HOLLYWOOD ICE CUBE FABRICACAO E COMERCIO DE GELO LTDA.,SAO PAULO,6,1995,Sociedade Limitada
35213107511,DESENTUPIDORA E COMERCIO COLONIAL LTDA.,SAO PAULO,6,1995,Sociedade Limitada
35213107529,PEIXOTO & FERREIRA LTDA.,SUMARE,6,1995,Sociedade Limitada
35213107537,HOSHIN COFFEE PRODUTOS ALIMENTICIOS LTDA,SAO PAULO,6,1995,Sociedade Limitada
35213107545,MAKILIN-CULINARIA CHINESA LTDA,MIRACATU,6,1995,Sociedade Limitada
35213107553,PERSONALE TELECOMUNICACAO E INFORMATICA LTDA,RIBEIRAO PRETO,6,1995,Sociedade Limitada
35213107561,MACK-ART COMERCIO DE SUPRIMENTOS PARA INFORMATICA LTDA.,RIBEIRAO PRETO,6,1995,Sociedade Limitada
35213107570,N I VIDEO PRODUTORA LTDA,RIBEIRAO PRETO,6,1995,Sociedade Limitada
35213107588,C. I. A. COMERCIO DE COSMETICOS LTDA,NOVA ODESSA,6,1995,Sociedade Limitada
35213107596,VIDEO LOCADORA RAFAEL LTDA.,DIADEMA,6,1995,Sociedade Limitada
35213107600,DECAMERON COMERCIO ASSESSORIA E CONSULTORIA TECNICA EM INFORMATICA LTDA.,SAO PAULO,6,1995,Sociedade Limitada
35213107618,TREVIZA COMERCIO E REPRESENTACAO LTDA.,SAO PAULO,6,1995,Sociedade Limitada
35213107626,GLOBOMED COMERCIAL LTDA.,DIADEMA,6,1995,Sociedade Limitada
35213107634,MACHADO & MIRABELLI LTDA,MONTE ALTO,6,1995,Sociedade Limitada
35213107642,J. J. TIETE COMERCIO DE MADEIRAS LTDA.,TIETE,6,1995,Sociedade Limitada
35213107651,ALDMED COMERCIO E DISTRIBUICAO LTDA,SAO PAULO,6,1995,Sociedade Limitada
35213107669,QUICK INFORMATICA E REPRESENTACAO COMERCIAL LTDA.,GUARULHOS,6,1995,Sociedade Limitada
35213107677,COMERCIAL CARANDAI BRINQUEDOS E PRESENTES LTDA,SAO PAULO,6,1995,Sociedade Limitada
35213107685,DOCE TECIDO LTDA.,SAO PAULO,6,1995,Sociedade Limitada
35213107693,REVEJ DOCES E SALGADOS LTDA.,GUARULHOS,6,1995,Sociedade Limitada
35213107707,KIMEN COMERCIO DE MALHAS LTDA,SAO PAULO,6,1995,Sociedade Limitada
35213107715,MARCIO & ITIEL COMERCIO DE ALIMENTOS LTDA,SAO PAULO,6,1995,Sociedade Limitada
35213107723,THUNDERBIRD VIDEO LOCADORA LTDA.,SAO PAULO,6,1995,Sociedade Limitada
35213107731,CRISPIM ASSESSORIA E CONSULTORIA LTDA.,SAO PAULO,6,1995,Sociedade Limitada
35213107740,CENTRO AUTOMOTIVO E COMERCIO DE PECAS R.R. LTDA.,SAO PAULO,6,1995,Sociedade Limitada
35213107758,PUMA COMERCIO E EVENTOS LTDA.,SAO PAULO,6,1995,Sociedade Limitada
35213107766,DECORPE AMBIENTES E DECORACOES LTDA.,SAO PAULO,6,1995,Sociedade Limitada
35213107774,EBIX LATIN AMERICA TECNOLOGIA E CONSULTORIA LTDA.,SAO PAULO,6,1995,Sociedade Limitada
35213107782,PANIFICADORA ITANGUA LTDA,SOROCABA,6,1995,Sociedade Limitada
35213107791,PRINT LINE PRODUTOS DE IDENTIFICACAO LTDA.,INDAIATUBA,6,1995,Sociedade Limitada
35213107804,ROSA DE SAROM ESTACIONAMENTO LTDA,CATANDUVA,6,1995,Sociedade Limitada
35213107812,ESPETINHOS RAMALHO LTDA.,CAMPINAS,6,1995,Sociedade Limitada
35213107821,DEPOSITO DE MATERIAIS PARA CONSTRUCAO AM LTDA.,SAO JOAO DA BOA VISTA,6,1995,Sociedade Limitada
35213107839,ACDD - TRANSPORTE E DISTRIBUIDORA JORNAL LTDA.,CAMPINAS,6,1995,Sociedade Limitada
35213107847,JULIO C ANGRA & CIA LTDA,IBIUNA,6,1995,Sociedade Limitada
35213107855,MENSEN INFORMATICA COMERCIO E SERVICOS LTDA,ITUPEVA,6,1995,Sociedade Limitada
35213107863,PADILHA & PANTALEAO LTDA.,VALENTIM GENTIL,6,1995,Sociedade Limitada
35213107871,CRISTAL PRIME SERVICOS DE TRANSPORTES LTDA,SAO PAULO,6,1995,Sociedade Limitada
35213107880,PASTITTA INDUSTRIA E COMERCIO DE MASSAS LTDA.,SAO CAETANO DO SUL,6,1995,Sociedade Limitada
35213107898,TEMEC COMERCIAL E SERVICOS LTDA.,SAO PAULO,6,1995,Sociedade Limitada
35213107901,ART-ACO SERRALHERIA LTDA,GUARATINGUETA,6,1995,Sociedade Limitada
35213107910,TODAY MOTOS E SERVICO LTDA.,SAO PAULO,6,1995,Sociedade Limitada
35213107928,BAZAR VIPRI LTDA.,SAO BERNARDO DO CAMPO,6,1995,Sociedade Limitada
35213107936,MERCEARIA FEFE LTDA.,SAO PAULO,6,1995,Sociedade Limitada
35213107944,LUMAX-BATERIAS E PECAS LTDA,PRESIDENTE PRUDENTE,6,1995,Sociedade Limitada
35213107952,RELAMPAGO PNEUS LTDA,SAO JOSE DOS CAMPOS,6,1995,Sociedade Limitada
35213107961,JAGUARI COMERCIO DE BEBIDAS DE S.J. CAMPOS LTDA,SAO JOSE DOS CAMPOS,6,1995,Sociedade Limitada
35213107979,MECVALE INDUSTRIA E CALDEIRARIA LTDA,JACAREI,6,1995,Sociedade Limitada
35213107987,JOTA BAURU MENUTENCAO E COMERCIO LTDA.,BAURU,6,1995,Sociedade Limitada
35213107995,DROGARIA E PERFUMARIA ESTRELA RADIANTE LTDA.,SAO PAULO,6,1995,Sociedade Limitada
35213108002,L.E.L. PRODUTOS NACIONAIS E IMPORTADOS LTDA.,SAO PAULO,6,1995,Sociedade Limitada
35213108011,BAZAR APARECIDA DAS AGUAS DE SAO PEDRO LTDA.,AGUAS DE SAO PEDRO,6,1995,Sociedade Limitada
35213108029,DALL'WITTE & DALL'WITTE LTDA.,AURIFLAMA,6,1995,Sociedade Limitada
35213108037,CAVENAGE & CAVENAGE LTDA,GENERAL SALGADO,6,1995,Sociedade Limitada
35213108045,SOMAN AGENCIA DE VIAGEM TRANSPORTE E TURISMO LTDA.,AGUDOS,6,1995,Sociedade Limitada
35213108053,LANCHONETE PAINEIRA GRANDE DE JUNDIAI LTDA,JUNDIAI,6,1995,Sociedade Limitada
35213108061,IRMAOS BRUZADELLI LTDA.,ATIBAIA,6,1995,Sociedade Limitada
35213108070,WLK SERVICOS GRAFICOS E EDITORA LTDA.,SAO PAULO,6,1995,Sociedade Limitada
35213108088,FOX PRESS TRANSPORTES LTDA,SAO PAULO,6,1995,Sociedade Limitada
35213108096,PAPELARIA E PRESENTES CRIS LTDA.,SAO PAULO,6,1995,Sociedade Limitada
35213108100,CD MEGAVISION COMPUTERS INFORMATICA LTDA.,CAMPINAS,6,1995,Sociedade Limitada
35213108118,FREIRE VETERINARIA INDUSTRIA E COMERCIO LTDA.,PAULINIA,6,1995,Sociedade Limitada
35213108126,MERCHANT COMERCIO E SERVICOS DE INFORMATICA LTDA,CAMPINAS,6,1995,Sociedade Limitada
35213108134,BAHAMAS REAL CONSTRUCENTER COMERCIO E SERVICOS LTDA.,CAMPINAS,6,1995,Sociedade Limitada
35213108142,DEPOSITO DE MADEIRA CALIFORNIA LTDA.,OSVALDO CRUZ,6,1995,Sociedade Limitada
35213108151,GRAPHOTIPO-MATERIAIS E EQUIPAMENTOS GRAFICOS LTDA,SAO PAULO,6,1995,Sociedade Limitada
35213108169,"MEDIEVAL PRODUTOS SIDERURGICOS, HIDRAULICOS E ELETRICOS LTDA.",SAO PAULO,6,1995,Sociedade Limitada
35213108177,CICHETTI ASSISTENCIA TECNICA LTDA,SAO PAULO,6,1995,Sociedade Limitada
35213108185,BDFC BRASIL ALIMENTOS LTDA,SAO PAULO,6,1995,Sociedade Limitada
35213108193,CELERON DO BRASIL INDUSTRIA E COMERCIO LTDA.,SAO PAULO,6,1995,Sociedade Limitada
35213108207,HARMONIA BUFFET E EVENTOS SOCIAIS LTDA,SAO BERNARDO DO CAMPO,6,1995,Sociedade Limitada
35213108215,COMERCIAL DUAZE-LTDA.,SANTO ANDRE,6,1995,Sociedade Limitada
35213108223,ACKEL EMPREENDIMENTOS IMOBILIARIOS LTDA,SAO PAULO,6,1995,Sociedade Limitada
35213108231,R & E PRESENTES LTDA,JACAREI,6,1995,Sociedade Limitada
35213108240,R. M. CARVALHO DOS SANTOS & CIA. LTDA.,TAUBATE,6,1995,Sociedade Limitada
35213108258,"JRL COMERCIO, IMPORTACAO E REPRESENTACOES LTDA.",SAO PAULO,6,1995,Sociedade Limitada
35213108266,TEKCENTER COMERCIO DE AUTO PECAS LTDA,SAO PAULO,6,1995,Sociedade Limitada
35213108274,ARPAPEL INDUSTRIA E COMERCIO LTDA.,SAO PAULO,6,1995,Sociedade Limitada
35213108282,LABES CARVALHO ADMINISTRACAO DE IMOVEIS LTDA.,SAO PAULO,6,1995,Sociedade Limitada
35213108291,VM COMERCIO DE ALIMENTOS LTDA.,SAO PAULO,6,1995,Sociedade Limitada
35213108304,CENTER AUTO PECAS LTDA.,MAUA,6,1995,Sociedade Limitada
35213108312,MERCEARIA E AVICOLA CASILIS LTDA.,SANTO ANDRE,6,1995,Sociedade Limitada
35213108321,DISTRIBUIDORA PENINSULA LTDA.,SAO PAULO,6,1995,Sociedade Limitada
35213108339,J/L REPRESENTACOES LTDA.,CARAPICUIBA,6,1995,Sociedade Limitada
35213108347,PADARIA E CONFEITARIA SANTA TEREZA CARAPICUIBA LTDA.,CARAPICUIBA,6,1995,Sociedade Limitada
35213108355,LUMAR ARTESANATOS LTDA.,SAO PAULO,6,1995,Sociedade Limitada
35213108363,ROTISSERIE SANTA GEMA LTDA.,SAO PAULO,6,1995,Sociedade Limitada
35213108371,MARMAC - TRANSPORTES LTDA.,SANTOS,6,1995,Sociedade Limitada
35213108380,MINI MERCADO E ACOUGUE SAO JORGE DE PERUIBE LTDA.,PERUIBE,6,1995,Sociedade Limitada
35213108398,STELMAR - COMERCIO DE PRODUTOS ALIMENTICIOS LTDA,SAO PAULO,6,1995,Sociedade Limitada
35213108401,SEENA TAAN COMERCIO E CONFECCOES LTDA,GUARULHOS,6,1995,Sociedade Limitada
35213108410,ORTOGONAL ENGENHARIA E EMPREENDIMENTOS LTDA.,SAO PAULO,6,1995,Sociedade Limitada
35213108428,T&T COMERCIO DE COMPONENTES ELETRONICOS LTDA,SAO PAULO,6,1995,Sociedade Limitada
35213108436,AUTO ELETRICA TECAUTO LTDA,SAO JOSE DOS CAMPOS,6,1995,Sociedade Limitada
35213108444,O&B MARCENARIA LTDA.,CACAPAVA,6,1995,Sociedade Limitada
35213108452,PFCNETWORK - SOLUCOES DE INFORMATICA LTDA.,SAO JOSE DO RIO PRETO,6,1995,Sociedade Limitada
35213108461,CENTER JOIAS LTDA,SAO JOSE DO RIO PRETO,6,1995,Sociedade Limitada
35213108479,ROSSLLI & KIYOMURA LTDA.,TANABI,6,1995,Sociedade Limitada
35213108487,ESPANHOL REPRESENTACOES LTDA,NEVES PAULISTA,6,1995,Sociedade Limitada
35213108495,IRMAOS BUOSI COMERCIO DE BATENTES E ARTEFATOS DE MADEIRA LTDA,SAO JOSE DO RIO PRETO,6,1995,Sociedade Limitada
35213108509,IRMAOS COSSI - NOVA ALIANCA - PRODUTOS ALIMENTICIOS LTDA,BADY BASSITT,6,1995,Sociedade Limitada
35213108517,TRANSPORTADORA TRANSPEDROSO RIO PRETO LTDA,SAO JOSE DO RIO PRETO,6,1995,Sociedade Limitada
35213108525,DETIC ARTES SERIGRAFICAS LTDA.,SAO PAULO,6,1995,Sociedade Limitada
35213108533,EUROLUB LUBRIFICANTES IMPEX LTDA.,SAO PAULO,6,1995,Sociedade Limitada
35213108541,BRANCO & BORGES DE CAMPINAS LTDA.,CAMPINAS,6,1995,Sociedade Limitada
35213108550,J.N.T. FERRAMENTARIA LTDA.,SAO PAULO,6,1995,Sociedade Limitada
35213108568,CLEBER D. DE ALMEIDA & CIA LTDA.,AMPARO,6,1995,Sociedade Limitada
35213108576,LUDI PAPER COMERCIO DE MATERIAIS LTDA.,SAO PAULO,6,1995,Sociedade Limitada
35213108584,OSTEOMED - INDUSTRIA E COMERCIO DE IMPLANTES LTDA.,RIO CLARO,6,1995,Sociedade Limitada
35213108592,VIEIRA DE BAURU COMERCIO DE MOVEIS LTDA.,BAURU,6,1995,Sociedade Limitada
35213108606,PAULISTANA PANIFICADORA E CONFEITARIA LTDA.,SANTO ANDRE,6,1995,Sociedade Limitada
35213108614,DEDEJOTA LOTERIAS LTDA.,SAO PAULO,6,1995,Sociedade Limitada
35213108622,VITRAIS RENNTER LTDA,SAO PAULO,6,1995,Sociedade Limitada
35213108631,VETERINARIA NAKAO LTDA.,URANIA,6,1995,Sociedade Limitada
35213108649,TUDOLIO COMERCIO DE LUBRIFICANTES LTDA,RIBEIRAO PRETO,6,1995,Sociedade Limitada
35213108657,BELLA BLANCA SUPERMERCADOS LTDA.,RIBEIRAO PRETO,6,1995,Sociedade Limitada
35213108665,TOP - MOTORS DO BRASIL LOCADORA DE VEICULOS LTDA,RIBEIRAO PRETO,6,1995,Sociedade Limitada
35213108673,COBRATI COMERCIAL E SERVICOS LTDA,JUNDIAI,6,1995,Sociedade Limitada
35213108681,COMERCIO TA'KWAR GRILL LTDA,CAMPINAS,6,1995,Sociedade Limitada
35213108690,KAWANO & YOSHIZUKA REPRESENTACOES E COMERCIO LTDA.,MORUNGABA,6,1995,Sociedade Limitada
35213108703,ARAUJO & PALMA REPRESENTACOES E COMERCIO LTDA.,MORUNGABA,6,1995,Sociedade Limitada
35213108711,E A ARAUJO & ARAUJO REPRESENTACOES E COMERCIO LTDA.,MORUNGABA,6,1995,Sociedade Limitada
35213108576,LUDI PAPER COMERCIO DE MATERIAIS LTDA.,SAO PAULO,6,1995,Sociedade Limitada
35213108584,OSTEOMED - INDUSTRIA E COMERCIO DE IMPLANTES LTDA.,RIO CLARO,6,1995,Sociedade Limitada
35213108592,VIEIRA DE BAURU COMERCIO DE MOVEIS LTDA.,BAURU,6,1995,Sociedade Limitada
35213108606,PAULISTANA PANIFICADORA E CONFEITARIA LTDA.,SANTO ANDRE,6,1995,Sociedade Limitada
35213108614,DEDEJOTA LOTERIAS LTDA.,SAO PAULO,6,1995,Sociedade Limitada
35213108622,VITRAIS RENNTER LTDA,SAO PAULO,6,1995,Sociedade Limitada
35213108631,VETERINARIA NAKAO LTDA.,URANIA,6,1995,Sociedade Limitada
35213108649,TUDOLIO COMERCIO DE LUBRIFICANTES LTDA,RIBEIRAO PRETO,6,1995,Sociedade Limitada
35213108657,BELLA BLANCA SUPERMERCADOS LTDA.,RIBEIRAO PRETO,6,1995,Sociedade Limitada
35213108665,TOP - MOTORS DO BRASIL LOCADORA DE VEICULOS LTDA,RIBEIRAO PRETO,6,1995,Sociedade Limitada
35213108673,COBRATI COMERCIAL E SERVICOS LTDA,JUNDIAI,6,1995,Sociedade Limitada
35213108681,COMERCIO TA'KWAR GRILL LTDA,CAMPINAS,6,1995,Sociedade Limitada
35213108690,KAWANO & YOSHIZUKA REPRESENTACOES E COMERCIO LTDA.,MORUNGABA,6,1995,Sociedade Limitada
35213108703,ARAUJO & PALMA REPRESENTACOES E COMERCIO LTDA.,MORUNGABA,6,1995,Sociedade Limitada
35213108711,E A ARAUJO & ARAUJO REPRESENTACOES E COMERCIO LTDA.,MORUNGABA,6,1995,Sociedade Limitada
35213108720,"COPAG CONSTRUTORA, COMERCIO E MAO DE OBRA LTDA.",PAULINIA,6,1995,Sociedade Limitada
35213108738,REIS EMPREITEIRA CONSTRUCAO CIVIL LTDA,HORTOLANDIA,6,1995,Sociedade Limitada
35213108746,J.L. COMERCIO DE FRIOS EM GERAL LTDA,CAMPINAS,6,1995,Sociedade Limitada
35213108754,S&S FARMACIA DE MANIPULACAO LTDA.,CAMPINAS,6,1995,Sociedade Limitada
35213108762,NEC SOM COMERCIO DE INSTRUMENTOS MUSICAIS LTDA.,CAPAO BONITO,6,1995,Sociedade Limitada
35213108771,OZI CALCADOS LTDA,SAO PAULO,6,1995,Sociedade Limitada
35213108789,KAPRISA COMERCIO DE FERRAMENTAS LTDA.,SAO PAULO,6,1995,Sociedade Limitada
35213108797,SAN SHING DO BRASIL COMERCIO IMPORTACAO LTDA.,SAO PAULO,6,1995,Sociedade Limitada
35213108801,LIANG WEI COMERCIAL ELETRICOS LTDA.,SAO PAULO,6,1995,Sociedade Limitada
35213108819,"CHEN SHENG DO BRASIL CONSTRUCOES, EDIFICACOES E COMERCIO LTDA",CAMPINAS,6,1995,Sociedade Limitada
35213108827,SUNG LING FREEZING EQUIPMENT DO BRASIL COMERCIO IMPORTACAO E EXPORTACAO LTDA.,ATIBAIA,6,1995,Sociedade Limitada
35213108835,MAY QUEEN COMERCIO DE LIVROS LTDA.,SAO PAULO,6,1995,Sociedade Limitada
35213108843,CHENG PEN COMERCIAL DE LIVROS LTDA.,SAO PAULO,6,1995,Sociedade Limitada
35213108851,ODONTOTECNICA SAUDE LTDA.,SAO PAULO,6,1995,Sociedade Limitada
35213108860,AMPLIVEND COMERCIO E REPRESENTACOES LTDA,SAO PAULO,6,1995,Sociedade Limitada
35213108878,T B C CONSTRUTORA LTDA.,SAO PAULO,6,1995,Sociedade Limitada
35213108886,BLACK CHIP COMERCIO DE PRODUTOS DE INFORMATICA LTDA.,SOROCABA,6,1995,Sociedade Limitada
35213108894,CASA DO NORTE TOCA DO LEAO LTDA,SAO PAULO,6,1995,Sociedade Limitada
35213108908,SANTA ELIZA DO ABC INDUSTRIA E COMERCIO LTDA.,SANTO ANDRE,6,1995,Sociedade Limitada
35213108916,VETERINARIA ABC LTDA,SANTO ANDRE,6,1995,Sociedade Limitada
35213108924,EDIFEL DE SANTO ANDRE CONSTRUCOES E MONTAGENS INDUSTRIAIS LTDA.,SANTO ANDRE,6,1995,Sociedade Limitada
35213108932,CORREIA & OLIANI COMERCIO DE TABACARIA E PRESENTES LTDA,SAO PAULO,6,1995,Sociedade Limitada
35213108941,TANG-LO DO BRASIL COMERCIO IMPORTACAO E EXPORTACAO LTDA.,SAO PAULO,6,1995,Sociedade Limitada
35213108959,PACIFIC RESOURCES EXPORTACAO (BRASIL) LTDA.,SANTO ANDRE,6,1995,Sociedade Limitada
35213108967,ASSISTEC COFRE GHIRELLI LTDA.,SAO PAULO,6,1995,Sociedade Limitada
35213108975,"EQUILIBRIUM - PLANEJANTO,PARTICIPACOES E NEGOCIOS LTDA.",BARUERI,6,1995,Sociedade Limitada
35213108983,D.M. COMERCIO DE AUTO PECAS USADAS LTDA.,OSASCO,6,1995,Sociedade Limitada
35213108991,AGRO-REP INDUSTRIA E COMERCIO DE PRODUTOS AGROPECUARIOS LTDA,PRESIDENTE PRUDENTE,6,1995,Sociedade Limitada
35213109009,COMERCIAL ARAKI LTDA ME,MARILIA,6,1995,Sociedade Limitada
35213109017,KRIS BAZAR E UTILIDADES DOMESTICA LTDA,SAO PAULO,6,1995,Sociedade Limitada
35213109025,BAR E LANCHES WANDECO LTDA.,SAO PAULO,6,1995,Sociedade Limitada
35213109033,HUNI - STEEL INDUSTRIA E BENEFICIAMENTO DE TUBOS LTDA.,SAO ROQUE,6,1995,Sociedade Limitada
35213109041,WITTE & LAMBERT COMERCIO E SERVICOS TECNICOS E CULTURAIS LTDA,SAO BERNARDO DO CAMPO,6,1995,Sociedade Limitada
35213109050,TENOR COMERCIO DE FERRAMENTAS LTDA.,SOROCABA,6,1995,Sociedade Limitada
35213109068,DISTRILAR SAO VICENTE-DISTRIBUIDORA DE BEBIDAS LTDA.,SAO VICENTE,6,1995,Sociedade Limitada
35213109076,TROPICAL SUCOS DO GUARUJA LTDA.,GUARUJA,6,1995,Sociedade Limitada
35213109084,GOMES & OLIVEIRA LANCHONETE LTDA.,GUARUJA,6,1995,Sociedade Limitada
35213109092,LAW TRANSPORTES RODOVIARIOS LTDA.,SANTOS,6,1995,Sociedade Limitada
35213109106,MOVEIS E DECORACOES Y&M LTDA,SAO PAULO,6,1995,Sociedade Limitada
35213109114,COMERCIAL BEL RICHARD LTDA.,SAO PAULO,6,1995,Sociedade Limitada
35213109122,MAUA ESTACIONAMENTOS LTDA.,SANTOS,6,1995,Sociedade Limitada
35213109131,SOPRANO E FILHO LTDA.,SAO BERNARDO DO CAMPO,6,1995,Sociedade Limitada
35213109149,SONNEN COMERCIO E SERVICOS DE TELECOMUNICACOES LTDA,SAO PAULO,6,1995,Sociedade Limitada
35213109157,MAXXIMA - VISUAL LTDA,SANTO ANDRE,6,1995,Sociedade Limitada
35213109165,"JC IMPORT DO BRASIL - BIJOUTERIAS, PRESENTES E ACESSORIOS LTDA",SAO PAULO,6,1995,Sociedade Limitada
35213109173,HELLENICA COMERCIAL IMPORTADORA E EXPORTADORA LTDA,SAO PAULO,6,1995,Sociedade Limitada
35213109181,COMERCIAL TOBOGAN LTDA,SAO PAULO,6,1995,Sociedade Limitada
35213109190,R.C.CAETANO & SILVA LTDA,OURINHOS,6,1995,Sociedade Limitada
35213109203,SILVA & ROBERTI REPRESENTACOES COMERCIAIS LTDA,CATANDUVA,6,1995,Sociedade Limitada
35213109211,GIII PROPAGANDA E PUBLICIDADE LTDA,TAQUARITINGA,6,1995,Sociedade Limitada
35213109220,LEAL DE SOUZA & OLIVEIRA LTDA,SERTAOZINHO,6,1995,Sociedade Limitada
35213109238,GALLI & OLIVEIRA LTDA.,CAPIVARI,6,1995,Sociedade Limitada
35213109246,ROD SUPER-COMERCIO DE PNEUS LTDA.,AMERICANA,6,1995,Sociedade Limitada
35213109254,S.R. COMERCIO E SERVICOS DE REFEICOES LTDA,SAO PAULO,6,1995,Sociedade Limitada
35213109262,DOCE MAIOR DOCES & SALGADOS LTDA,SANTO ANDRE,6,1995,Sociedade Limitada
35213109271,ALDEMIR DIAS PEREIRA & CIA LTDA.,INDIAPORA,6,1995,Sociedade Limitada
35213109289,FLYING TIGERS ASSESSORIA AGROEMPRESARIAL A PROPRIEDADE RURAIS LTDA,SANTANA DE PARNAIBA,6,1995,Sociedade Limitada
35213109297,SELIN & CELINE CALDEIRARIA LTDA.,PONTAL,6,1995,Sociedade Limitada
35213109301,SETER COMERCIO E SERVICOS TERCERIZADOS LTDA,JARDINOPOLIS,6,1995,Sociedade Limitada
35213109319,DOM MAR COMERCIO DE PESCADOS LTDA.,RIBEIRAO PRETO,6,1995,Sociedade Limitada
35213109327,DROGARIA PARATO DOS RIBEIRAO PRETO LTDA.,RIBEIRAO PRETO,6,1995,Sociedade Limitada
35213109335,SUPERMERCADO VILA VIRGINIA LTDA,RIBEIRAO PRETO,6,1995,Sociedade Limitada
35213109343,RIBEIRO TERRA & SOUZA TERRA LTDA.,MORRO AGUDO,6,1995,Sociedade Limitada
35213109351,J.N. ZORZETTO MOVEIS LTDA.,RIBEIRAO PRETO,6,1995,Sociedade Limitada
35213109360,P. B. DIESEL COMERCIO DE PECAS LTDA.,RIBEIRAO PRETO,6,1995,Sociedade Limitada
35213109378,J.M. BRUNELLI COMERCIAL LTDA.,RIBEIRAO PRETO,6,1995,Sociedade Limitada
35213109386,ELISA DEPOSITO E COMERCIO DE EMBALAGENS LTDA.,RIBEIRAO PRETO,6,1995,Sociedade Limitada
35213109394,CELULA COMERCIO DE VEICULOS LTDA,RIBEIRAO PRETO,6,1995,Sociedade Limitada
35213109408,TOPAZIO INDUSTRIA E COMERCIO DE MOVEIS LTDA,RIBEIRAO PRETO,6,1995,Sociedade Limitada
35213109416,RODRIGUES & BENEVIDES REPRESENTACOES COMERCIAIS LTDA,RIBEIRAO PRETO,6,1995,Sociedade Limitada
35213109424,ROCHA PACAGNELLA & PACAGNELLA LTDA.,RIBEIRAO PRETO,6,1995,Sociedade Limitada
35213109432,MONDIN & RODRIGUES LTDA.,PEDRINHAS PAULISTA,6,1995,Sociedade Limitada
35213109441,MARIART BABY CONFECCOES LTDA.,MOGI-GUACU,6,1995,Sociedade Limitada
35213109459,MORIGAKI E SAKAI LTDA.,PRESIDENTE PRUDENTE,6,1995,Sociedade Limitada
35213109467,LILAS MAGAZINE BORBOREMA LTDA.,BORBOREMA,6,1995,Sociedade Limitada
35213109475,BELLETTI & RODER LTDA.,GENERAL SALGADO,6,1995,Sociedade Limitada
35213109483,VIACAO TRANSBEL TRANSPORTES LTDA.,PIRASSUNUNGA,6,1995,Sociedade Limitada
35213109491,ENERGIANUTS-COMERCIO DE ALIMENTOS E BEBIDAS LTDA,SAO BERNARDO DO CAMPO,6,1995,Sociedade Limitada
35213109505,VILLA NORDIKA COMERCIAL LTDA.,CAMPINAS,6,1995,Sociedade Limitada
35213109513,"BARASSA, BARASSA & CIA. LTDA.",AMPARO,6,1995,Sociedade Limitada
35213109521,COISAS NECESSARIAS COMERCIO DE CONFECCOES LTDA,SAO PAULO,6,1995,Sociedade Limitada
35213109530,FERIANI & CARLOTTI LTDA.,CAMPINAS,6,1995,Sociedade Limitada
35213109548,RAPIDO TRANSPAULO GRANDO LTDA.,GUARULHOS,6,1995,Sociedade Limitada
35213109556,DUTRA DISPLAYS COMERCIO LTDA.,SAO PAULO,6,1995,Sociedade Limitada
35213109564,MAISOL CONSTRUCAO CIVIL LTDA,LIMEIRA,6,1995,Sociedade Limitada
35213109572,FAMIGLIA VITALE RESTAURANTE E PIZZERIA LTDA.,SAO PAULO,6,1995,Sociedade Limitada
35213109581,BET-X CONFECCOES LTDA,SAO PAULO,6,1995,Sociedade Limitada
35213109599,JULIO TRATORPECAS LTDA,ARARAQUARA,6,1995,Sociedade Limitada
35213109602,RESLIM ESTETICA E SERVICOS LTDA,SOROCABA,6,1995,Sociedade Limitada
35213109611,A. F. FOGACA & FOGACA LTDA,SOROCABA,6,1995,Sociedade Limitada
35213109629,TELSERV PRESTACAO DE SERVICOS DE NOTEBOOKS E COMPUTADORES LTDA,SAO PAULO,6,1995,Sociedade Limitada
35213109637,COLLINS COMERCIO DE ROUPAS LTDA,SAO PAULO,6,1995,Sociedade Limitada
35213109645,LACE COMERCIAL IMPORTADORA E EXPORTADORA LTDA.,SAO PAULO,6,1995,Sociedade Limitada
35213109653,MARCAP COMERCIO E IMPORTACAO LTDA,SAO BERNARDO DO CAMPO,6,1995,Sociedade Limitada
35213109661,INDUSPEC INDUSTRIA E COMERCIO DE ARTEFATOS DE METAIS LTDA,SAO BERNARDO DO CAMPO,6,1995,Sociedade Limitada
35213109670,HAI EMPREENDIMENTOS IMOBILIARIOS LTDA,SAO PAULO,6,1995,Sociedade Limitada
35213109688,PENTALFA EMPREENDIMENTOS IMOBILIARIOS LTDA.,SAO PAULO,6,1995,Sociedade Limitada
35213109696,BRASTEM COMERCIO E REPRESENTACOES LTDA.,SAO PAULO,6,1995,Sociedade Limitada
35213109700,KOENTRO COMERCIO DE VESTUARIO E ACESSORIOS LTDA,ATIBAIA,6,1995,Sociedade Limitada
35213109718,G. PACKING INDUSTRIA COMERCIO IMPORTACAO EXPORTACAO E REPRESENTACAO LTDA.,GUARUJA,6,1995,Sociedade Limitada
35213109726,LOJAS DEMIS-DAY LTDA,DIADEMA,6,1995,Sociedade Limitada
35213109734,YGLOO VIDEO LOCADORA LTDA,SAO PAULO,6,1995,Sociedade Limitada
35213109742,COMERCIAL IMPORTADORA E EXPORTADORA MAG LTDA,MAUA,6,1995,Sociedade Limitada
35213109751,GERIZIM-ASSESSORIA E REPRESENTACOES LTDA,SAO PAULO,6,1995,Sociedade Limitada
35213109769,J F COMUNICACAO LTDA.,SANTANA DE PARNAIBA,6,1995,Sociedade Limitada
35213109777,LEONIS MERCEARIA LTDA.,LIMEIRA,6,1995,Sociedade Limitada
35213109785,JOLLIE FEMME LTDA,SAO PAULO,6,1995,Sociedade Limitada
35213109793,MOLDUREIRA CAMPO BELO LTDA,SAO PAULO,6,1995,Sociedade Limitada
35213109807,SAGA- COMERCIO E SERVICOS DE TERCEIRIZACAO LTDA.,SAO JOAO DA BOA VISTA,6,1995,Sociedade Limitada
35213109815,LENI'S MODAS COMERCIO DE ROUPAS LTDA,SAO PAULO,6,1995,Sociedade Limitada
35213109823,MAGNUM AUTO-SERVICOS E COMERCIO LTDA,SAO PAULO,6,1995,Sociedade Limitada
35213109831,GALVES & CIA. LTDA.,ARACATUBA,6,1995,Sociedade Limitada
35213109840,BARROS COMERCIO DE ALIMENTOS E SERVICOS LTDA,ARACATUBA,6,1995,Sociedade Limitada
35213109858,LANCHONETE LAGO AZUL ARACATUBA LTDA.,ARACATUBA,6,1995,Sociedade Limitada
35213109866,REAL BAURU COMERCIO DE GAS LTDA.,BAURU,6,1995,Sociedade Limitada
35213109874,INDUSTRIA E COMERCIO DE FUMO TRES IRMAOS LTDA.,BAURU,6,1995,Sociedade Limitada
35213109882,EMILLU'S MODAS LTDA.,SAO PAULO,6,1995,Sociedade Limitada
35213109891,TECHNO HOLDER HARDWARE & SOFTWARE COMERCIO E SERVICOS LTDA.,SAO PAULO,6,1995,Sociedade Limitada
35213109904,LEXUS IMPORTACAO E EXPORTACAO COMERCIAL LTDA.,SAO PAULO,6,1995,Sociedade Limitada
35213109912,"SEG MED CORRETORA DE SEGUROS DE VIDA LTDA. ""EM LIQUIDACAO""",SAO PAULO,6,1995,Sociedade Limitada
35213109921,COMPREX COMERCIAL LTDA,SAO PAULO,6,1995,Sociedade Limitada
35213109939,LE CROISSANT SUISSE PAES CASEIROS LTDA.,SAO PAULO,6,1995,Sociedade Limitada
35213109947,AA TGO TELECOMUNICACOES COMERCIO E SERVICOS LTDA.,SAO PAULO,6,1995,Sociedade Limitada
35213109955,ALLMARKET COMERCIAL LTDA.,SAO PAULO,6,1995,Sociedade Limitada
35213109963,ZERO DEFEITO PRODUTOS E SERVICOS LTDA,BARUERI,6,1995,Sociedade Limitada
35213109971,ASPEN CAFE LTDA.,CAMPOS DO JORDAO,6,1995,Sociedade Limitada
35213109980,CERAMICA FARIAS & SOUZA LTDA.,PANORAMA,6,1995,Sociedade Limitada
35213109998,AUTO ELETRICA SANTA EDWIGES TAQUARITINGA LTDA.,TAQUARITINGA,6,1995,Sociedade Limitada
35213110007,"ALMEIDA, YOSHIDA & CIA LTDA.",SANTA FE DO SUL,6,1995,Sociedade Limitada
35213110015,REAL DAY EMPORIO LTDA.,ARARAQUARA,6,1995,Sociedade Limitada
35213110023,ANITABLIAN PLASTICOS LTDA.,SAO PAULO,6,1995,Sociedade Limitada
35213110031,FULFILLMENT SERVICOS LTDA.,BARUERI,6,1995,Sociedade Limitada
35213110040,SMJT ASSESSORIA EMPRESARIAL LTDA.,SAO PAULO,6,1995,Sociedade Limitada
35213110058,SEGURMAT COMERCIAL LTDA.,SAO PAULO,6,1995,Sociedade Limitada
35213110066,ERIS INDUSTRIA E COMERCIO DE ROUPAS LTDA.,SAO PAULO,6,1995,Sociedade Limitada
35213110074,G.S.K.A. SERVICOS PROFISSIONAIS LTDA.,SAO PAULO,6,1995,Sociedade Limitada
35213110082,ORION SERVICE TERCEIRIZACOES LTDA,BARUERI,6,1995,Sociedade Limitada
35213110091,LWFM SERVICOS DE MONTAGENS DE ELEVADORES LTDA,ITAPEVI,6,1995,Sociedade Limitada
35213110104,ALIMENTARTE - CONSULTORIA REPRESENTACAO E SERVICOS LTDA.,POA,6,1995,Sociedade Limitada
35213110112,JE TECNOLOGIA INDUSTRIA E COMERCIO LTDA,SAO PAULO,6,1995,Sociedade Limitada
35213110121,T.J.O. THORRESSAN & CIA LTDA.,JUNDIAI,6,1995,Sociedade Limitada
35213110139,J. D'LIMA ESTOFADOS LTDA.,VOTUPORANGA,6,1995,Sociedade Limitada
35213110147,"GAMA SERVICE ENGENHARIA E COMERCIO LTDA. ""PROIBIDO DE CONTRATAR COM O PODER PUBLICO""",JARDINOPOLIS,6,1995,Sociedade Limitada
35213110155,"ARAPACU - CONSTRUCAO, PARTICIPACOES, INDUSTRIA E COMERCI O LTDA.",SAO PAULO,6,1995,Sociedade Limitada
35213110163,R.R. RIBEIRAO PRETO REPRESENTACOES LTDA.,RIBEIRAO PRETO,6,1995,Sociedade Limitada
35213110171,PUCCINELLI DESIGN COMERCIO DE MOVEIS E DECORACOES LTDA.,CARAPICUIBA,6,1995,Sociedade Limitada
35213110180,CARBOHIDRATOS CALORICOS LTDA.,SAO PAULO,6,1995,Sociedade Limitada
35213110198,LAPIS LAZULI COMERCIAL LTDA.,SAO PAULO,6,1995,Sociedade Limitada
35213110201,RESUL INDUSTRIA E COMERCIO DE RESISTENCIAS ELETRICAS LTDA.,SAO PAULO,6,1995,Sociedade Limitada
35213110210,CENTERVISON COMERCIO DE EQUIPAMENTOS ELETRONICOS LTDA.,SAO PAULO,6,1995,Sociedade Limitada
35213110228,SM TRANSPORTES E REPRESENTACOES LTDA.,SAO PAULO,6,1995,Sociedade Limitada
35213110236,CARDOSO CORREA CONSTRUCOES E EDIFICACOES LTDA,SAO PAULO,6,1995,Sociedade Limitada
35213110244,BETHBABY CONFECCOES LTDA.,SAO PAULO,6,1995,Sociedade Limitada
35213110252,CANDIDO & MONTEIRO ARTIGOS DO VESTUARIO LTDA,MINEIROS DO TIETE,6,1995,Sociedade Limitada
35213110261,RL-COMERCIO DE PECAS E MANUTENCAO DE EMPILHADEIRAS LTDA.,JUNDIAI,6,1995,Sociedade Limitada
35213110279,JORGE DO CARMO & ASSOCIADOS LTDA.,SAO PAULO,6,1995,Sociedade Limitada
35213110287,AFFAME RESTAURANTE FAST FOOD LTDA,DIADEMA,6,1995,Sociedade Limitada
35213110295,SS COMERCIO DE ROUPAS LTDA,SAO PAULO,6,1995,Sociedade Limitada
35213110309,NENE MAGAZINE LTDA.,CARAGUATATUBA,6,1995,Sociedade Limitada
35213110317,CONFECCOES WON FIVE LTDA.,SAO PAULO,6,1995,Sociedade Limitada
35213110325,AGRO-AVICOLA E CONSULTORIO VILA MARIA LTDA.,SAO PAULO,6,1995,Sociedade Limitada
35213110333,PURA FOLIA GESTAO PATRIMONIAL LTDA.,SAO PAULO,6,1995,Sociedade Limitada
35213110341,PERSICI MODAS E ACESSORIOS INFANTO JUVENIS LTDA.,SAO PAULO,6,1995,Sociedade Limitada
35213110350,GILTOC-DESENTUPIDORA E DETETIZADORA LTDA.,SAO PAULO,6,1995,Sociedade Limitada
35213110368,LELIS & ANDRADE JUNDIAI LTDA,JUNDIAI,6,1995,Sociedade Limitada
35213110376,JULAWI COMERCIO E REPRESENTACOES LTDA,CAMPINAS,6,1995,Sociedade Limitada
35213110384,PEREIRA COMERCIO DE PNEUS E ACESSORIOS LTDA.,MATAO,6,1995,Sociedade Limitada
35213110392,DROGARIA SAO JOSE PERUIBE LTDA,PERUIBE,6,1995,Sociedade Limitada
35213110406,LUIS LARA REPRESENTACAO COMERCIAL LTDA.,SAO PAULO,6,1995,Sociedade Limitada
35213110414,ARMARINHOS ESTACAO LTDA,OSASCO,6,1995,Sociedade Limitada
35213110422,COMERCIO DE PNEUS E ACESSORIOS ALUMINIO LTDA,ALUMINIO,6,1995,Sociedade Limitada
35213110431,INDUSTRIA E COMERCIO DE CALCADOS GALLOPE DO BRASIL LTDA.,PRESIDENTE PRUDENTE,6,1995,Sociedade Limitada
35213110449,NIKOLAY MARQUES GOMES EDITORA E EMPREENDIMENTOS LTDA,AMERICO BRASILIENSE,6,1995,Sociedade Limitada
35213110457,CAITU AUTOMOVEIS LTDA,AMERICANA,6,1995,Sociedade Limitada
35213110465,CAMP TECNICAS COMERCIO E PINTURA LTDA,CAMPINAS,6,1995,Sociedade Limitada
35213110473,FESTVALE COMERCIO IMPORTACAO E EXPORTACAO LTDA,SAO JOSE DOS CAMPOS,6,1995,Sociedade Limitada
35213110481,FRIGORIFICO OURO VERDE LTDA.,OURO VERDE,6,1995,Sociedade Limitada
35213110490,IMPRESSAO SERVICE GRAFICA E EDITORA LTDA.,SAO PAULO,6,1995,Sociedade Limitada
35213110503,BOA TERRA TRANSPORTE RODOVIARIO LTDA,SANTOS,6,1995,Sociedade Limitada
35213110511,CENTER GIRO- COMERCIO E DISTRIBUICAO DE AGUA E TRANSPORTES LTDA,SUMARE,6,1995,Sociedade Limitada
35213110520,M ALI WORLD REPRESENTACOES COMERCIAIS LTDA,SAO PAULO,6,1995,Sociedade Limitada
35213110538,JEAN ROBERSON AZEVEDO & CIA LTDA.,SAO JOSE DOS CAMPOS,6,1995,Sociedade Limitada
35213110546,LUALUALEI ORNAMENTACOES E COMERCIO LTDA,SAO PAULO,6,1995,Sociedade Limitada
35213110554,ITAU ASSET MANAGEMENT LTDA.,POA,6,1995,Sociedade Limitada
35213110562,COMERCIAL DE PRODUTOS ALIMENTICIOS TATO SAO CARLOS LTDA.,SAO CARLOS,6,1995,Sociedade Limitada
35213110571,LORENZETTI DISTRIBUIDORA DE PRODUTOS ALIMENTICIOS LTDA.,SANTA CRUZ DO RIO PARDO,6,1995,Sociedade Limitada
35213110589,LEAO COMERCIO E DISTRIBUIDORA DE BORRACHAS LTDA,MAUA,6,1995,Sociedade Limitada
35213110597,REFRIGERACAO DAMIAO LTDA.,AGUAI,6,1995,Sociedade Limitada
35213110601,LIMA E ZONTA LTDA.,BOTUCATU,6,1995,Sociedade Limitada
35213110619,SANTANA - COMERCIO DE SOM E ACESSORIOS PARA VEICULOS CATANDUVA LTDA.,CATANDUVA,6,1995,Sociedade Limitada
35213110627,PEVERARI & PEVERARI - COMERCIO DE PEIXES ORNAMENTAIS LTDA.,DRACENA,6,1995,Sociedade Limitada
35213110635,RODOVEN-JAHU TRANSPORTES LTDA.,SAO PAULO,6,1995,Sociedade Limitada
35213110643,MALHASUL COMERCIO DE TECIDOS E CONFECCOES LTDA,AMERICANA,6,1995,Sociedade Limitada
35213110651,CULTELLI SORVETERIA E DOCERIA LTDA.,SAO PAULO,6,1995,Sociedade Limitada
35213110660,"BAZAR, PAPELARIA E ARMARINHOS PETALA LTDA.",SAO PAULO,6,1995,Sociedade Limitada
35213110678,INSITE SERVICOS E COMERCIO LTDA.,SAO PAULO,6,1995,Sociedade Limitada
35213110686,MANUSEARE IMPRESSOS E SERVICOS DE MANUSEIO LTDA.,SAO PAULO,6,1995,Sociedade Limitada
35213110694,INDEFINIDAS COMERCIO DE MODAS LTDA.,SAO PAULO,6,1995,Sociedade Limitada
35213110708,FARO-PECAS E REGULAGEM DE IMPLEMENTOS AGRICOLAS LTDA,COLOMBIA,6,1995,Sociedade Limitada
35213110716,"FAMA COMERCIO, INDUSTRIA, IMPORTACAO E EXPORTACAO DE PRODUTOS INFANTIS LTDA.",SAO JOAO DA BOA VISTA,6,1995,Sociedade Limitada
35213110724,LHR. COMERCIO E SERVICOS DE INFORMATICA LTDA.,CAMPO LIMPO PAULISTA,6,1995,Sociedade Limitada
35213110732,INDUSTRIA E COMERCIO DE CONFECCOES OLI LTDA.,ITU,6,1995,Sociedade Limitada
35213110741,BORTALI & BORTALI GERENCIAMENTO EMPRESARIAL E REPRESENTACOES LTDA.,SAO ROQUE,6,1995,Sociedade Limitada
35213110759,DUBBNS DE LIMA & LIMA LTDA.,PARAIBUNA,6,1995,Sociedade Limitada
35213110767,ESTUDIO PENAFIEL COMUNICACOES LTDA,SAO PAULO,6,1995,Sociedade Limitada
35213110775,AFONSO & RUSSO LTDA.,GUAPIARA,6,1995,Sociedade Limitada
35213110783,COMERCIO DE MAQUINAS DE COSTURAS INDUSTRIAIS JOMAC LTDA,AURIFLAMA,6,1995,Sociedade Limitada
35213110791,AGRO COMERCIAL FRUTOBOM LTDA,SAO PAULO,6,1995,Sociedade Limitada
35213110805,AGRUPPAA PSICOTERAPIA PSICOPROFILAXIA E DESENVOLVIMENTO PROFISSIONAL LTDA.,SAO PAULO,6,1995,Sociedade Limitada
35213110813,FIA MODAS LTDA.,MATAO,6,1995,Sociedade Limitada
35213110821,SILVEIRA E ALMEIDA LTDA,PARANAPANEMA,6,1995,Sociedade Limitada
35213110830,KELSEN INDUSTRIA E COMERCIO DE EMBALAGENS LTDA.,SAO PAULO,6,1995,Sociedade Limitada
35213110848,CYANCOLOR-COMERCIO E SERVICOS FOTOGRAFICOS LTDA,SAO PAULO,6,1995,Sociedade Limitada
35213110856,ORGANICA AGRO-COMERCIAL LTDA.,EMBU-GUACU,6,1995,Sociedade Limitada
35213110864,PANIFICADORA E CONFEITARIA GONZAMAR LTDA.,SANTOS,6,1995,Sociedade Limitada
35213110872,LOURI LAE COMERCIAL LTDA.,MAIRIPORA,6,1995,Sociedade Limitada
35213110881,CELESTE INDUSTRIA E COMERCIO DE UTILIDADES DOMESTICAS LTDA.,MAIRIPORA,6,1995,Sociedade Limitada
35213110899,SILVESTRE ILHA SOLTEIRA SERVICOS DE ENSINO LTDA,ILHA SOLTEIRA,6,1995,Sociedade Limitada
35213110902,VEGATUR VIAGENS E TURISMO LTDA.,PEREIRA BARRETO,6,1995,Sociedade Limitada
35213110911,INDUSTRIA E COMERCIO SOUZA E SESSI LTDA.,JACUPIRANGA,6,1995,Sociedade Limitada
35213110929,P. D. COMERCIO DE PISCINAS LTDA,ITATIBA,6,1995,Sociedade Limitada
35213110937,S & C COMERCIO DE MODAS ADULTOS E INFANTIL LTDA.,PIRACICABA,6,1995,Sociedade Limitada
35213110945,MAGICCOMP COMERCIO E SERVICOS LTDA.,OSASCO,6,1995,Sociedade Limitada
35213110953,MASTER COPIAS-COMERCIO E SERVICOS LTDA.,SAO PAULO,6,1995,Sociedade Limitada
35213110961,LORD COMERCIO IMPORTACAO E EXPORTACAO LTDA.,ASSIS,6,1995,Sociedade Limitada
35213110970,VILA NOVA DE GAIA EMPREENDIMENTOS IMOBILIARIOS LTDA,SAO PAULO,6,1995,Sociedade Limitada
35213110988,CHOPP MACHINE LANCHONETE LTDA.,ARARAQUARA,6,1995,Sociedade Limitada
35213110996,COMERCIAL FANTINI DE TINTAS LTDA,BAURU,6,1995,Sociedade Limitada
35213111003,GOLDEN MILLS COMERCIO E REPRESENTACOES LTDA.,VOTUPORANGA,6,1995,Sociedade Limitada
35213111011,M.G. COMERCIO E SERVICOS INDUSTRIAIS LTDA.,SERTAOZINHO,6,1995,Sociedade Limitada
35213111020,BAR E LANCHONETE TUTUBARAO LTDA.,SAO PAULO,6,1995,Sociedade Limitada
35213111038,COPATEC COMERCIAL LTDA.,SAO PAULO,6,1995,Sociedade Limitada
35213111046,ADONAI LOCACAO DE MAO DE OBRA LTDA.,SAO PAULO,6,1995,Sociedade Limitada
35213111054,IMPRIMA REPRODUCAO GRAFICA LTDA.,PIRACICABA,6,1995,Sociedade Limitada
35213111062,LAZARETTI & MARTIN LTDA.,PIRACICABA,6,1995,Sociedade Limitada
35213111071,MADUREIRA TURISMO E LOCADORA DE VEICULOS LTDA,SAO PAULO,6,1995,Sociedade Limitada
35213111089,PARA MOVIMENTOS EQUIPAMENTOS CINEMATOGRAFICOS LTDA.,SAO PAULO,6,1995,Sociedade Limitada
35213111097,RADIX PAPELARIA LTDA.,SANTO ANDRE,6,1995,Sociedade Limitada
35213111101,OTICA PAULA LTDA.,SAO PAULO,6,1995,Sociedade Limitada
35213111119,ARCONIDA COMERCIO IMPORTACAO E EXPORTACAO LTDA.,SAO PAULO,6,1995,Sociedade Limitada
35213111127,VICA TRATAMENTO DE SUPERFICIE LTDA,SAO PAULO,6,1995,Sociedade Limitada
35213111135,ANGEL CONFECCAO E COMERCIO LTDA.,SAO PAULO,6,1995,Sociedade Limitada
35213111143,FLOPPY DRIVE INFORMATICA LTDA.,BARUERI,6,1995,Sociedade Limitada
35213111151,GIMA'S PRESTACAO DE SERVICOS DE MAO DE OBRA LTDA,SANTO ANDRE,6,1995,Sociedade Limitada
35213111160,MERCABILIS NEGOCIOS EMPRESARIAIS LTDA.,BRAGANCA PAULISTA,6,1995,Sociedade Limitada
35213111178,BUFF COMERCIO E SOLUCOES GRAFICAS LTDA,ITAPECERICA DA SERRA,6,1995,Sociedade Limitada
35213111186,JACEGUAVA BAR E MERCEARIA LTDA,SAO PAULO,6,1995,Sociedade Limitada
35213111194,SAVANA - COMERCIO IMPORTACAO E EXPORTACAO LTDA,SANTO ANDRE,6,1995,Sociedade Limitada
35213111208,VIRAPLAST COMERCIAL LTDA,SAO PAULO,6,1995,Sociedade Limitada
35213111216,FREIRE E MORAES COMERCIO E EMPREENDIMENTOS LTDA.,ATIBAIA,6,1995,Sociedade Limitada
35213111224,BUFFET E CHURRASCO DELICIA LTDA.,MAIRIPORA,6,1995,Sociedade Limitada
35213111232,POSTO DE SERVICO SEVERINIA LTDA.,SEVERINIA,6,1995,Sociedade Limitada
35213111241,FEMATEX COMERCIO REPRESENTACAO IMPORTACAO E EXPORTACAO DE FIOS E TECIDOS LTDA.,AMERICANA,6,1995,Sociedade Limitada
35213111259,TEDDE MODA MASCULINA LTDA,MARILIA,6,1995,Sociedade Limitada
35213111267,TRANSPORTADORA E EMPREITEIRA FERNANDES OLIVEIRA LTDA.,NOVA GRANADA,6,1995,Sociedade Limitada
35213111275,PIZZARIA MACENO LTDA,SAO JOSE DO RIO PRETO,6,1995,Sociedade Limitada
35213111283,J.A. VIEIRA & RODRIGUES LTDA.,SAO JOSE DO RIO PRETO,6,1995,Sociedade Limitada
35213111291,COMERCIAL COSTANTINI LTDA.,SAO JOSE DO RIO PRETO,6,1995,Sociedade Limitada
35213111305,COMERCIO DE PECAS E MECANICA P/ AUTOS BISPO ABC LTDA.,SAO BERNARDO DO CAMPO,6,1995,Sociedade Limitada
35213111313,AUTO ESCOLA E DESPACHANTE SANTA LUIZA LTDA.,IPUA,6,1995,Sociedade Limitada
35213111321,R. B. M. PRODUTOS ALIMENTICIOS LTDA,RIBEIRAO PRETO,6,1995,Sociedade Limitada
35213111330,R.A. GOMES PACHECO CONSTRUTORA E INCORPORADORA LTDA.,PRAIA GRANDE,6,1995,Sociedade Limitada
35213111348,B V S PLAY ELETRONICA LTDA.,BAURU,6,1995,Sociedade Limitada
35213111356,JMM-REPRESENTACOES LTDA.,BAURU,6,1995,Sociedade Limitada
35213111364,PRUDENTE INDUSTRIA E COMERCIO DE PAO DE QUEIJO LTDA.,PRESIDENTE PRUDENTE,6,1995,Sociedade Limitada
35213111372,JKF - COSMETICOS E PERFUMES LTDA.,SAO PAULO,6,1995,Sociedade Limitada
35213111381,COELHO DA FONSECA PARTICIPACOES E INCORPORACOES LTDA,SAO PAULO,6,1995,Sociedade Limitada
35213111399,J. C. COMERCIO DE SOLDAS E PRESTACOES DE SERVICOS LTDA.,AMERICANA,6,1995,Sociedade Limitada
35213111402,"LANCHONETE, RESTAURANTE E FRUTOS DO MAR SILLIGUE LTDA.",SANTO ANDRE,6,1995,Sociedade Limitada
35213111411,JAPY INDUSTRIA E COMERCIO DE GELO LTDA,CABREUVA,6,1995,Sociedade Limitada
35213111429,ZALAF & COSTA ENGENHARIA LTDA,PINDAMONHANGABA,6,1995,Sociedade Limitada
35213111437,IG FER - COMERCIO DE FERRO LTDA.,SAO PAULO,6,1995,Sociedade Limitada
35213111445,SEVERIANO TRANSPORTES RODOVIARIOS LTDA.,COTIA,6,1995,Sociedade Limitada
35213111453,CLAUDIO COMERCIO E QUADRINHOS PROMOCIONAIS LTDA,SAO PAULO,6,1995,Sociedade Limitada
35213111461,FOTO TOLEDO PIRACICABA LTDA.,PIRACICABA,6,1995,Sociedade Limitada
35213111470,MATIAZZO VEICULOS LTDA.,VALINHOS,6,1995,Sociedade Limitada
35213111488,FRM BRASIL INDUSTRIA E COMERCIO LTDA.,SAO PAULO,6,1995,Sociedade Limitada
35213111496,TROPICAL FOOD & BEER LANCHES E SUCOS LTDA.,SAO PAULO,6,1995,Sociedade Limitada
35213111500,FAZENDA PARAISO LTDA.,CAJAMAR,6,1995,Sociedade Limitada
35213111518,N R COMERCIO E REPRESENTACAO LTDA.,AMERICANA,6,1995,Sociedade Limitada
35213111526,MONIZE MODAS LTDA.,VIRADOURO,6,1995,Sociedade Limitada
35213111534,PET'S POINT COMERCIO LTDA.,SANTOS,6,1995,Sociedade Limitada
35213111542,EMPRESA MINERADORA DE AGUAS JOAPIRANGA LTDA,VALINHOS,6,1995,Sociedade Limitada
35213111551,ANANDA COMERCIO DE CERAMICA LTDA.,SAO PAULO,6,1995,Sociedade Limitada
35213111569,MASTER EQUIPAMENTOS E SUPRIMENTOS PARA INFORMATICA LTDA.,SANTA BARBARA D'OESTE,6,1995,Sociedade Limitada
35213111577,AUTO POSTO MIE LTDA.,COTIA,6,1995,Sociedade Limitada
35213111585,TEIXEIRA COMERCIO E TRANSPORTE DE MADEIRA LTDA.,LENCOIS PAULISTA,6,1995,Sociedade Limitada
35213111593,"LEIDY BRINQUEDOS,CONFECCOES E ENXOVAIS LTDA.",MOGI GUACU,6,1995,Sociedade Limitada
35213111607,LOJA ZAVARIZE E SPORTI LTDA.,MOGI GUACU,6,1995,Sociedade Limitada
35213111615,MERCADINHO FREITAS & CAMURCA LTDA.,SAO PAULO,6,1995,Sociedade Limitada
35213111623,BADUR & FRANCA LTDA,CAMPINAS,6,1995,Sociedade Limitada
35213111631,"RC & RM COMERCIAL, IMPORTADORA E EXPORTADORA LTDA.",BARUERI,6,1995,Sociedade Limitada
35213111640,CERAMICA CERCASA LTDA,RIO CLARO,6,1995,Sociedade Limitada
35213111658,EVEREL DO BRASIL LTDA,SAO JOSE DOS CAMPOS,6,1995,Sociedade Limitada
35213111666,SP WORLD BUSINESS COMERCIO IMPORTACAO E EXPORTACAO LTDA,SAO PAULO,6,1995,Sociedade Limitada
35213111674,ROWTY COMERCIAL E DISTRIBUIDORA LIMITADA.,CAMPINAS,6,1995,Sociedade Limitada
35213111682,RESTAURANTE SEVERINIA LTDA,SEVERINIA,6,1995,Sociedade Limitada
35213111691,"FABRICA DE TEXTOS,EDITORA E COMERCIO LTDA",SAO PAULO,6,1995,Sociedade Limitada
35213111704,BOM RETIRO LANCHONETE E EMPREENDIMENTOS ESPORTIVOS LTDA,SAO PAULO,6,1995,Sociedade Limitada
35213111712,ESPN ESCOLA PAULISTA DE NATUROPATIA LTDA,SAO PAULO,6,1995,Sociedade Limitada
35213111721,BOEING LOCADORA DE VIDEOS E GAMES LTDA,SAO PAULO,6,1995,Sociedade Limitada
35213111739,AVICOLA VICARI LTDA,SAO PAULO,6,1995,Sociedade Limitada
35213111747,EMPORIO FACILITA LTDA,SANTO ANDRE,6,1995,Sociedade Limitada
35213111755,NAUFAL ASSESSORIA ADMINISTRACAO E CORRETAGEM DE SEGUROS LTDA,SAO PAULO,6,1995,Sociedade Limitada
35213111763,DALCO COMERCIO DE RACOES LTDA,CAMPINAS,6,1995,Sociedade Limitada
35213111771,N.A. OTICA E LENTES DE CONTACTO LTDA,SAO PAULO,6,1995,Sociedade Limitada
35213111780,COMERCIAL ALVARENGA DE BEBIDAS LTDA,SAO BERNARDO DO CAMPO,6,1995,Sociedade Limitada
35213111798,JACK POT COMERCIAL LTDA.,SAO PAULO,6,1995,Sociedade Limitada
35213111801,PAPELARIA E BAZAR CIRCULO DO PAPEL LTDA.,SAO PAULO,6,1995,Sociedade Limitada
35213111810,MARUY INDUSTRIA ELETRONICA LTDA.,SAO BERNARDO DO CAMPO,6,1995,Sociedade Limitada
35213111828,COST-MAQ COMERCIAL IMPORTADORA LTDA.,SAO PAULO,6,1995,Sociedade Limitada
35213111836,SCALABRIM & PAES LTDA,ARARAS,6,1995,Sociedade Limitada
35213111844,MAANAIM INDUSTRIA E COMERCIO DE CALCADOS LTDA,SAO PAULO,6,1995,Sociedade Limitada
35213111852,CORRECT COMERCIAL LTDA,SAO PAULO,6,1995,Sociedade Limitada
35213111861,COMERCIAL CEREALISTA GT LTDA,SANTA BARBARA D'OESTE,6,1995,Sociedade Limitada
35213111879,AGITE E CLICK VIDEO ENTRETENIMENTO E CONVENIENCIA LTDA.,SAO PAULO,6,1995,Sociedade Limitada
35213111887,R & R - DECORACAO PARA FESTAS INFANTIS LTDA,ARARAS,6,1995,Sociedade Limitada
35213111895,CONFECCOES DIEGO JUNIOR LTDA,SAO PAULO,6,1995,Sociedade Limitada
35213111909,SEX BODY MODA INTIMA LTDA.,SAO PAULO,6,1995,Sociedade Limitada
35213111917,THEOB'S INSTALACOES ELETRICAS E COMERCIO LTDA,EMBU,6,1995,Sociedade Limitada
35213111925,OTHER DREAM COMERCIO DE BIJOUTERIAS LTDA,SAO PAULO,6,1995,Sociedade Limitada
35213111933,ULTRATEC PRODUTOS MEDICOS LTDA,SAO PAULO,6,1995,Sociedade Limitada
35213111941,IPAN DROGARIA E PERFUMARIA LTDA,SAO PAULO,6,1995,Sociedade Limitada
35213111950,BAD CAR COMERCIO DE PECAS E AUTO ELETRICO LTDA.,SAO PAULO,6,1995,Sociedade Limitada
35213111968,HIPER-BOOL INDUSTRIA E COMERCIO DE BRINQUEDOS LTDA,SAO PAULO,6,1995,Sociedade Limitada
35213111976,"AM IMPORT COMERCIO, IMPORTACAO E EXPORTACAO LTDA.",SAO PAULO,6,1995,Sociedade Limitada
35213111984,MEIRA & GONCALVES TURISMO LTDA.,GUARULHOS,6,1995,Sociedade Limitada
35213111992,FITNESS WORLO CENTER LTDA.,SAO PAULO,6,1995,Sociedade Limitada
35213112000,MORGADO & BARBOSA TRANSPORTADORA LTDA,TAUBATE,6,1995,Sociedade Limitada
35213112018,GODEC VALVULAS E CONEXOES LTDA,SAO PAULO,6,1995,Sociedade Limitada
35213112026,ART PLAY INDUSTRIA E COMERCIO DE CONFECCOES LTDA.,BASTOS,6,1995,Sociedade Limitada
35213112034,FERSOU USINAGEM FERRAMENTARIA INDUSTRIAL LTDA.,CAMPINAS,6,1995,Sociedade Limitada
35213112042,KIT KRIO INDUSTRIA E COMERCIO DE ARTEFATOS DE ARAME E PINTURA LTDA.,SAO PAULO,6,1995,Sociedade Limitada
35213112051,POINT VIDEO LOCADORA SALTO LTDA,SALTO,6,1995,Sociedade Limitada
35213112069,CLAUDETE DUARTE COSTA MOREIRA LEITE & CIA.LTDA.,TAUBATE,6,1995,Sociedade Limitada
35213112077,COMERCIO DE PALHAS E EMBALAGENS JARDIM PAULISTA LTDA,TAUBATE,6,1995,Sociedade Limitada
35213112085,FORTHY SEGURANCA ELETRONICA E COMERCIO LTDA.,PINDAMONHANGABA,6,1995,Sociedade Limitada
35213112093,RISTER E VALISE VETERINARIA LTDA.,PINDAMONHANGABA,6,1995,Sociedade Limitada
35213112107,JOMAR MATERIAIS ELETRICOS PATPTA LTDA.,PATROCINIO PAULISTA,6,1995,Sociedade Limitada
35213112115,DENTARIA WALPON'S LTDA.,SAO PAULO,6,1995,Sociedade Limitada
35213112123,LANCHES PADRAO DO ABC LTDA,MAUA,6,1995,Sociedade Limitada
35213112131,AUSTIN POWDER DO BRASIL LTDA.,SAO PAULO,6,1995,Sociedade Limitada
35213112158,TWO BROTHERS CONFECCOES LTDA.,JUNDIAI,6,1995,Sociedade Limitada
35213112166,MARANATA DE JUNDIAI LTDA.,JUNDIAI,6,1995,Sociedade Limitada
35213112182,HALI CHOPERIA LTDA.,SAO PAULO,6,1995,Sociedade Limitada
35213112191,A FERNANDES & BARRETO COMERCIO E REPRESENTACOES LTDA.,SAO PAULO,6,1995,Sociedade Limitada
35213112204,ARMARINHOS DIASLTDA.,MATAO,6,1995,Sociedade Limitada
35213112212,SUDATSU CONFECCOES LTDA.,SAO PAULO,6,1995,Sociedade Limitada
35213112221,"MULTI-HIDRO INDUSTRIA E COMERCIO DE TUBOS, CONEXOES E VALVULAS LTDA",SAO PAULO,6,1995,Sociedade Limitada
35213112239,G A - LASTRO NEWS PUBLICIDADE LTDA,SAO PAULO,6,1995,Sociedade Limitada
35213112247,PDA LINS-COMERCIO DE INFORMATICA LTDA,SAO PAULO,6,1995,Sociedade Limitada
35213112255,PIZZARIA CASTRO ARARAQUARA LTDA,ARARAQUARA,6,1995,Sociedade Limitada
35213112263,SUGOI AUTO PECAS LTDA.,SAO PAULO,6,1995,Sociedade Limitada
35213112271,AUTO POSTO MANTAI LTDA,BAURU,6,1995,Sociedade Limitada
35213112280,HANDLEMAN DO BRASIL COMERCIAL LTDA.,SAO PAULO,6,1995,Sociedade Limitada
35213112298,EMPORIO DAS DELICIAS LTDA,SAO PAULO,6,1995,Sociedade Limitada
35213112301,VICTORIA SOM E ACESSORIA LTDA.,SAO PAULO,6,1995,Sociedade Limitada
35213112310,S.F - COMERCIO DE ALIMENTOS LTDA.,SAO PAULO,6,1995,Sociedade Limitada
35213112328,DTC - DESENVOLVIMENTO TECNOLOGICO DE COMPONENTES LTDA.,SAO PAULO,6,1995,Sociedade Limitada
35213112336,AGENOR & VALDERCI MOVEIS LTDA.,PANORAMA,6,1995,Sociedade Limitada
35213112344,VIVIMARC CONFECCOES LTDA.,SAO PAULO,6,1995,Sociedade Limitada
35213112352,ARMAZEM 29 LTDA,SANTOS,6,1995,Sociedade Limitada
35213112361,GLOBAL COMERCIO DE AREIA LTDA,SAO VICENTE,6,1995,Sociedade Limitada
35213112379,LINHARES E RACHID - EMPREENDIMENTOS IMOBILIARIOS LTDA.,BERTIOGA,6,1995,Sociedade Limitada
35213112387,GESSO L C LTDA,SAO PAULO,6,1995,Sociedade Limitada
35213112395,LANCHONETE HDV LTDA,SAO PAULO,6,1995,Sociedade Limitada
35213112409,JALF ENGENHARIA E COMERCIO LTDA,SOROCABA,6,1995,Sociedade Limitada
35213112417,DYNAMIC BBS LTDA,SOROCABA,6,1995,Sociedade Limitada
35213112425,S. L. REPRESENTACOES LTDA,LAVRINHAS,6,1995,Sociedade Limitada
35213112433,LODI & OLIVEIRA LTDA.,SANTA RITA DO PASSA QUATRO,6,1995,Sociedade Limitada
35213112441,DISTRIBUIDORA BARCLAY LTDA.,ITATIBA,6,1995,Sociedade Limitada
35213112450,XPTO ASSESSORIA DE COMUNICACAO E EDITORACAO LTDA,SAO PAULO,6,1995,Sociedade Limitada
35213112468,VOUFIMI CONFECCOES LTDA.,SAO PAULO,6,1995,Sociedade Limitada
35213112476,BRESSANE & TEZZIN TRANSPORTES E SERVICOS LTDA.,SANTOS,6,1995,Sociedade Limitada
35213112484,ANDE VEICULOS LTDA.,SAO PAULO,6,1995,Sociedade Limitada
35213112492,CANAA DELICIAS DO TRIGO LTDA.,SAO PAULO,6,1995,Sociedade Limitada
35213112506,CATTEO PROJETOS E CONSULTORIA LTDA.,SAO PAULO,6,1995,Sociedade Limitada
35213112514,SPN REPRESENTACOES E COMERCIO LTDA.,JUNDIAI,6,1995,Sociedade Limitada
35213112522,CALCADOS DALIEGO LTDA,FRANCA,6,1995,Sociedade Limitada
35213112531,RODRIGUES & CAMPANARI LTDA.,FRANCA,6,1995,Sociedade Limitada
35213112549,GIOVANELLY & TEBERGA TRANSPORTADORA LTDA.,ROSEIRA,6,1995,Sociedade Limitada
35213112557,GUIMARAES E GUIMARAES TRANSPORTADORA LTDA,ROSEIRA,6,1995,Sociedade Limitada
35213112565,FARIA & FARIA IMPORTACAO E EXPORTACAO LTDA.,TAUBATE,6,1995,Sociedade Limitada
35213112573,CENTER CARNES TREMEMBE LTDA.,TREMEMBE,6,1995,Sociedade Limitada
35213112581,RURAL VALE COMERCIO E REPRESENTACAO AGROPECUARIA LTDA.,CRUZEIRO,6,1995,Sociedade Limitada
35213112590,ALBATROX SERVICOS DE COBRANCAS LTDA,VOTUPORANGA,6,1995,Sociedade Limitada
35213112603,BARRAMIRA COMERCIO DE MATERIAIS PARA CONSTRUCAO LTDA.,CACAPAVA,6,1995,Sociedade Limitada
35213112620,NOVO HORIZONTE AUTO PECAS E ACESSORIOS LTDA.,SAO PAULO,6,1995,Sociedade Limitada
35213112638,FLECH MODAS E CONFECCOES LTDA.,BAURU,6,1995,Sociedade Limitada
35213112646,SERRALHERIA NOVO HORIZONTE ITANHAEM LTDA.,ITANHAEM,6,1995,Sociedade Limitada
35213112654,BALDO & VELOSO LTDA.,SAO JOSE DO RIO PARDO,6,1995,Sociedade Limitada
35213112662,DESSOTTI & BARRETTO LTDA,BRODOSQUI,6,1995,Sociedade Limitada
35213112671,N. ATHAYDE & R DE CARVALHO LTDA,SANTOS,6,1995,Sociedade Limitada
35213112697,LM INDUSTRIA E COMERCIO DE BORDADOS LTDA,NOVO HORIZONTE,6,1995,Sociedade Limitada
35213112701,PET SHOP BICHO DOCE PRODUTOS PARA ANIMAIS LTDA.,EMBU,6,1995,Sociedade Limitada
35213112719,BORRACHARIA PORTUARIA DE GUARUJA LTDA,GUARUJA,6,1995,Sociedade Limitada
35213112727,LYNCE SANTOS REPRESENTACOES LTDA,SANTOS,6,1995,Sociedade Limitada
35213112735,B.E. MACHADO & CIA. LTDA.,SANTOS,6,1995,Sociedade Limitada
35213112743,CASA DE CARNES FORCA JOVEM LTDA.,VARGEM GRANDE PAULISTA,6,1995,Sociedade Limitada
35213112751,CONFECCOES THERELLI LTDA.,SAO PAULO,6,1995,Sociedade Limitada
35213112760,FEELING COMERCIO E LOCACAO DE FITAS DE VIDEO E CP LTDA.,SAO PAULO,6,1995,Sociedade Limitada
35213112778,COQTEL MARTINEZ CONFECCOES LTDA.,SAO PAULO,6,1995,Sociedade Limitada
35213112786,VPS -FACTORING FOMENTO MERCANTIL LTDA,SAO JOSE DO RIO PRETO,6,1995,Sociedade Limitada
35213112794,GASPARINI & AGUIAR LTDA.,SAO JOSE DO RIO PRETO,6,1995,Sociedade Limitada
35213112808,EMPREITEIRA MIXIRICA LTDA.,BALSAMO,6,1995,Sociedade Limitada
35213112816,C. R. S. COMERCIAL LTDA.,SAO JOSE DO RIO PRETO,6,1995,Sociedade Limitada
35213112824,JOANA D'ARC COMERCIO DE PRESENTES LTDA,TANABI,6,1995,Sociedade Limitada
35213112832,CABO & PLUG INDUSTRIA LTDA.,SAO PAULO,6,1995,Sociedade Limitada
35213112841,QUALY REFEICOES LTDA.,SAO PAULO,6,1995,Sociedade Limitada
35213112859,UNI MODEL CONFECCOES LTDA.,SAO PAULO,6,1995,Sociedade Limitada
35213112867,LABORATORIO OTICO IGOR LTDA.,SAO PAULO,6,1995,Sociedade Limitada
35213112875,MARQUES & MARQUES COMERCIO DE MATERIAIS DE CONSTRUCAO E DESENHOS ILUSTRATIVOS LTDA,COTIA,6,1995,Sociedade Limitada
35213112883,GOOD TOYS BRINQUEDOS INDUSTRIA E COMERCIO LTDA,SAO PAULO,6,1995,Sociedade Limitada
35213112891,REPRO ABC SISTEMAS DE IMPRESSAO LIMITADA,SANTO ANDRE,6,1995,Sociedade Limitada
35213112905,CENTRO OESTE PRODUTOS AGROPECUARIOS LTDA -ME,BAURU,6,1995,Sociedade Limitada
35213112913,GUILHERME BARRETOS MARMORES E GRANITOS LTDA.,BARRETOS,6,1995,Sociedade Limitada
35213112921,DOUM INDUSTRIA E COMERCIO DE BRINQUEDOS LTDA,BOTUCATU,6,1995,Sociedade Limitada
35213112930,INDUSTRIA E COMERCIO MELO'S LTDA.,AVARE,6,1995,Sociedade Limitada
35213112948,LANCHONETE MEDINA ITAPUI LTDA.,ITAPUI,6,1995,Sociedade Limitada
35213112956,MARCELO EQUIPAMENTOS & SONORIZACAO PARA AUTOS LTDA.,SAO CARLOS,6,1995,Sociedade Limitada
35213112964,SOLUTIONS SERVICES FACILITIES LTDA,SAO PAULO,6,1995,Sociedade Limitada
35213112972,CHAVES SERVICOS DE SOLDA EM GERAL LTDA.,SAO BERNARDO DO CAMPO,6,1995,Sociedade Limitada
35213112981,TRANSCAMBURI TRANSPORTADORA LTDA.,SAO SEBASTIAO,6,1995,Sociedade Limitada
35213112999,MY PLACE DANCETERIA LTDA,SOROCABA,6,1995,Sociedade Limitada
35213113006,DAK COMERCIO DE ROUPAS E ARMARINHOS LTDA,SOROCABA,6,1995,Sociedade Limitada
35213113014,JOB TECNO COMERCIO E REPRESENTACAO LTDA.,SAO PAULO,6,1995,Sociedade Limitada
35213113022,CLIENT SOLUTION EQUIPAMENTOS E SOLUCOES LTDA,PIRACICABA,6,1995,Sociedade Limitada
35213113031,J.C.R. DIVERSOES ELETRONICAS LTDA,SANTOS,6,1995,Sociedade Limitada
35213113049,TRANSBIRA TRANSPORTES RODOVIARIOS LTDA,SANTOS,6,1995,Sociedade Limitada
35213113057,LUA NOVA PADARIA E CONFEITARIA LTDA.,TABOAO DA SERRA,6,1995,Sociedade Limitada
35213113065,GOMES CRAVEIRO & CIA PIZZARIA LTDA,SANTOS,6,1995,Sociedade Limitada
35213113073,BELAS ARTES COMERCIO DE LIVROS LTDA.,FERRAZ DE VASCONCELOS,6,1995,Sociedade Limitada
35213113081,M LUAN LTDA.,GUARAREMA,6,1995,Sociedade Limitada
35213113090,MERCADINHO IRMAOS GOMES LTDA.,BIRITIBA-MIRIM,6,1995,Sociedade Limitada
35213113103,MARTINELLI & TOLEDO LTDA,PIRACICABA,6,1995,Sociedade Limitada
35213113111,TOLIMA ENGENHARIA SOROCABA LTDA,SOROCABA,6,1995,Sociedade Limitada
35213113120,SOKOMER - ALIMENTOS CONGELADOS LTDA,SAO PAULO,6,1995,Sociedade Limitada
35213113138,PIAZZA & SALZANO LTDA,SERRA NEGRA,6,1995,Sociedade Limitada
35213113146,HARTFITAS SERVICOS EM LAMINADOS LTDA.,SAO PAULO,6,1995,Sociedade Limitada
35213113154,M&B PRODUTOS E SERVICOS DE INFORMATICA LTDA.,SOROCABA,6,1995,Sociedade Limitada
35213113162,LIFE TREINAMENTO EM INFORMATICA LTDA,SAO PAULO,6,1995,Sociedade Limitada
35213113171,IRMAOS MARTINS ENGENHARIA E COMERCIO BAURU LTDA.,BAURU,6,1995,Sociedade Limitada
35213113189,MRM TRANSPORTES E TURISMO LTDA.,SALTO,6,1995,Sociedade Limitada
35213113197,COMERCIO DE MOVEIS MAZEN LTDA-ME,SAO PAULO,6,1995,Sociedade Limitada
35213113201,"FURLANI, GIMENEZ & CIA LTDA",VALINHOS,6,1995,Sociedade Limitada
35213113219,MARMITEL COMERCIO DE EMBALAGENS E PRODUTOS LIMPEZA LTDA,CAMPINAS,6,1995,Sociedade Limitada
35213113227,SHARON COMERCIO DE BIJUTERIAS LTDA.,SUMARE,6,1995,Sociedade Limitada
35213113235,MERCEARIA REQUINTE LTDA.,RIBEIRAO PRETO,6,1995,Sociedade Limitada
35213113243,SICCHIERI & SICCHIERI ACOUGUE LTDA.,PONTAL,6,1995,Sociedade Limitada
35213113251,ABS-COMERCIO DE MATERIAL ELETRICO LTDA.,CAMPINAS,6,1995,Sociedade Limitada
35213113260,JUND EXTINTORES COMERCIO E SERVICOS LTDA,JUNDIAI,6,1995,Sociedade Limitada
35213113278,TRANSPORTADORA TRANS-SENSHI LTDA,SAO PAULO,6,1995,Sociedade Limitada
35213113286,DE PAULA E FLORENCIO LTDA,AMPARO,6,1995,Sociedade Limitada
35213113294,TRANSPORTADORA BRUNO E BRUNA LTDA,AMPARO,6,1995,Sociedade Limitada
35213113308,ALFATECNO TECNOLOGIA AUTOMOTIVA LTDA.,SAO PAULO,6,1995,Sociedade Limitada
35213113316,MARCILU ARTIGOS PARA PRESENTES E BOUTIQUE LTDA.,SAO PAULO,6,1995,Sociedade Limitada
35213113324,SUNLIGHT COMERCIAL LTDA,SAO PAULO,6,1995,Sociedade Limitada
35213113332,CENTRAL VIDEO LOCADORA LTDA.,EMBU,6,1995,Sociedade Limitada
35213113341,CICLO DIESEL LTDA.,PIRACICABA,6,1995,Sociedade Limitada
35213113359,ALASMAR & ALASMAR LTDA,BARRA BONITA,6,1995,Sociedade Limitada
35213113367,VERLIT TINTAS E VERNIZES LTDA.,GUARULHOS,6,1995,Sociedade Limitada
35213113375,MADEIREIRA ESPIRRO LTDA.,SAO PAULO,6,1995,Sociedade Limitada
35213113383,CLEUZTEC COMERCIO DE TECIDOS LTDA.,SAO PAULO,6,1995,Sociedade Limitada
35213113391,IRON MAN REPRESENTACOES COMERCIAIS LTDA,SOROCABA,6,1995,Sociedade Limitada
35213113405,S.H.F. EPROM INFORMATICA LTDA.,SAO PAULO,6,1995,Sociedade Limitada
35213113413,UNICENTER COMERCIO IMPORTACAO EXPORTACAO E REPRESENTACOES LTDA.,SAO PAULO,6,1995,Sociedade Limitada
35213113421,GUILHERME CARDOSO REPRESENTACOES LTDA,SAO PAULO,6,1995,Sociedade Limitada
35213113430,PERCEL DISTRIBUIDORA DE ALIMENTOS LTDA,SAO PAULO,6,1995,Sociedade Limitada
35213113448,DEKA COMERCIO DE CESTAS ALIMENTICIAS LTDA.,RIBEIRAO PRETO,6,1995,Sociedade Limitada
35213113456,A MAGALI MOTO TAXI LTDA.,RIBEIRAO PRETO,6,1995,Sociedade Limitada
35213113464,JULIO CESAR RAYMUNDINI-REPRESENTACOES LTDA.,RIBEIRAO PRETO,6,1995,Sociedade Limitada
35213113472,COGIMEX COMERCIAL LTDA.,SAO PAULO,6,1995,Sociedade Limitada
35213113481,M.B.L.-ELETRICA ELETRONICA E ACESSORIOS INDUSTRIAIS LTDA.,RIBEIRAO PRETO,6,1995,Sociedade Limitada
35213113499,DIOGO & PUGLIESE INDUSTRIA E COMERCIO DE AUTO PECAS LTDA.,GUARULHOS,6,1995,Sociedade Limitada
35213113502,MADIS RELOGIOS LTDA,SAO PAULO,6,1995,Sociedade Limitada
35213113511,CECCIOCA ADMINISTRACAO DE BENS PROPRIOS E COMERCIO LTDA.,BERTIOGA,6,1995,Sociedade Limitada
35213113529,SOUTHWIND COMERCIO IMPORTACAO E EXPORTACAO LTDA.,SAO PAULO,6,1995,Sociedade Limitada
35213113537,FESTEGGIARE EVENTOS LTDA.,SAO PAULO,6,1995,Sociedade Limitada
35213113545,DISTRIBUIDORA DE PRODUTOS ALIMENTICIOS AEROPORTO LTDA.,GUARULHOS,6,1995,Sociedade Limitada
35213113553,GELLO'S INDUSTRIA E COMERCIO DE ROUPAS LTDA.,SAO PAULO,6,1995,Sociedade Limitada
35213113561,CASA DE CARNES REI DO NELIA LTDA.,SAO PAULO,6,1995,Sociedade Limitada
35213113570,MERCEARIA FIORELLA LTDA.,SAO PAULO,6,1995,Sociedade Limitada
35213113588,WGES SERVICOS COMERCIO E REPRESENTACOES LTDA.,SAO PAULO,6,1995,Sociedade Limitada
35213113596,"OMNI COMERCIO, CONSULTORIA E DESENVOLVIMENTO DE SISTEMAS LTDA",CAMPO LIMPO PAULISTA,6,1995,Sociedade Limitada
35213113600,AGROPECUARIA JUMIRIM LIMITADA,JUMIRIM,6,1995,Sociedade Limitada
35213113618,SASTEC TRANSPORTES LTDA.,TABOAO DA SERRA,6,1995,Sociedade Limitada
35213113626,BARZON & SANCHES LTDA.,VARGEM GRANDE DO SUL,6,1995,Sociedade Limitada
35213113634,NELSON DE BORJA SILVA & CIA. LTDA.,PRESIDENTE PRUDENTE,6,1995,Sociedade Limitada
35213113642,NETY ESCOLA DE CABELEREIRO E COMERCIO VAREJISTA DE PERFUMARIA LTDA,DIADEMA,6,1995,Sociedade Limitada
35213113651,J. C. S. NEVES & CIA. LTDA.,SANTA BARBARA D'OESTE,6,1995,Sociedade Limitada
35213113669,BYTIQUE - PINDA - REPRESENTACOES COMERCIAIS LTDA,PINDAMONHANGABA,6,1995,Sociedade Limitada
35213113677,NATUREZA COMERCIO DE VEICULOS LTDA.,SAO PAULO,6,1995,Sociedade Limitada
35213113685,FERRAM ENGENHARIA E CONSTRUCOES LTDA.,SAO PAULO,6,1995,Sociedade Limitada
35213113693,ALL - COMERCIAL LTDA,SAO PAULO,6,1995,Sociedade Limitada
35213113707,MELARE-REPRESENTACOES LTDA.,SAO BERNARDO DO CAMPO,6,1995,Sociedade Limitada
35213113715,RACAOLANDIA COMERCIAL LTDA.,SAO PAULO,6,1995,Sociedade Limitada
35213113723,ANDALLA'S BAR LTDA.,SAO PAULO,6,1995,Sociedade Limitada
35213113731,NOFRET COMERCIO DE ROUPAS LTDA.,SAO PAULO,6,1995,Sociedade Limitada
35213113740,SICCA IMAGEM REVELACAO E FILMES COMERCIO DE MATERIAL FOTOGRAFICO LTDA,SAO JOSE DO RIO PARDO,6,1995,Sociedade Limitada
35213113758,ZANARDI & QUADROS LTDA,BAURU,6,1995,Sociedade Limitada
35213113766,NOBRE INDUSTRIA E COMERCIO DE ALIMENTOS LTDA.,ITAPUI,6,1995,Sociedade Limitada
35213113774,PAULA COSTA & SIMIONI LTDA,BROTAS,6,1995,Sociedade Limitada
35213113782,RESTAURANTE HAPPY DAY DE SANTO ANDRE LTDA.,SANTO ANDRE,6,1995,Sociedade Limitada
35213113791,LATICINIO LA VILLE LTDA.,SAO PAULO,6,1995,Sociedade Limitada
35213113804,EMPORIO B COMERCIO DE BEBIDAS LTDA ME,ARARAQUARA,6,1995,Sociedade Limitada
35213113812,THG COMERCIO DE PNEUS E SERVICOS LTDA,COTIA,6,1995,Sociedade Limitada
35213113821,SOMA CONSULTORIA EMPRESARIAL E SISTEMAS LTDA.,SAO PAULO,6,1995,Sociedade Limitada
35213113839,COMERCIO DE FRUTAS E VERDURAS JOAO CARLOS E RODRIGO LTDA.,SAO JOSE DO RIO PARDO,6,1995,Sociedade Limitada
35213113847,BORACEIA INDUSTRIA E COMERCIO LTDA.,BORACEIA,6,1995,Sociedade Limitada
35213113855,B&B DO BRASIL TELECOMUNICACOES E COMERCIO LTDA.,SAO PAULO,6,1995,Sociedade Limitada
35213113863,D.WEI SHIUAN DO BRASIL COMERCIO IMPORTACAO E EXPORTACAO LTDA.,SUZANO,6,1995,Sociedade Limitada
35213113871,LUTTHER CONFECCOES LTDA,SAO PAULO,6,1995,Sociedade Limitada
35213113880,J.C.BITTENCOURT REPRESENTACOES LTDA.,SAO PAULO,6,1995,Sociedade Limitada
35213113898,BAR E LANCHONETE FLOR DE SANTO AMARO LTDA.,SAO PAULO,6,1995,Sociedade Limitada
35213113901,JOMALLE TRANSPORTES LTDA.,GUARULHOS,6,1995,Sociedade Limitada
35213113910,COMERCIO DE ALIMENTOS POMPEIA LTDA,SAO PAULO,6,1995,Sociedade Limitada
35213113928,DEMEC CONSTRUCOES LTDA.,SAO PAULO,6,1995,Sociedade Limitada
35213113936,LIVRARIA E PAPELARIA CARROSSEL LTDA.,SAO PAULO,6,1995,Sociedade Limitada
35213113944,ESTACAO DO SAMBA PRODUCOES E EDICOES ARTISTICAS LTDA.,SAO PAULO,6,1995,Sociedade Limitada
35213113952,NEGUEV ADMINISTRACAO DE BENS E PARTICIPACOES LTDA.,SAO PAULO,6,1995,Sociedade Limitada
35213113961,SANTORINI PIZZARIA LTDA.,SAO PAULO,6,1995,Sociedade Limitada
35213113979,COMERCIAL IMPORTADORA MORETO LTDA.,SAO PAULO,6,1995,Sociedade Limitada
35213113987,SORAYA COMERCIO DE PRESENTES LTDA.,SAO PAULO,6,1995,Sociedade Limitada
35213113995,POLIPLAS SELANTES E ADESIVOS LIMITADA,SAO JOSE DO RIO PRETO,6,1995,Sociedade Limitada
35213114002,M.T. LATORRE REPRESENTACOES LTDA.,SAO PAULO,6,1995,Sociedade Limitada
35213114011,COMERCIO DE DOCES E SALGADOS VILA SUISSA LTDA.,SAO PAULO,6,1995,Sociedade Limitada
35213114029,NATY GIARDINO COMERCIO E SERVICOS DE INFORMATICA LTDA.,SAO PAULO,6,1995,Sociedade Limitada
35213114037,MADEIREIRA GRAJAU LTDA,SAO PAULO,6,1995,Sociedade Limitada
35213114045,NAU XXI MODA E ACESSORIOS LTDA,SANTOS,6,1995,Sociedade Limitada
35213114053,FERRACINI AUTO POSTO LTDA.,FRANCA,6,1995,Sociedade Limitada
35213114061,LCPA - COMERCIO DE PECAS E EQUIPAMENTOS METALURGICOS LTDA,CAMPO LIMPO PAULISTA,6,1995,Sociedade Limitada
35213114070,P.P.U. INDUSTRIA E COMERCIO DE ACESSORIOS LTDA,IPUA,6,1995,Sociedade Limitada
35213114088,HOTEL VIENA LTDA,SAO PAULO,6,1995,Sociedade Limitada
35213114096,ACUSTIC CENTRO AUTOMOTIVO LTDA,SAO PAULO,6,1995,Sociedade Limitada
35213114100,ZOZIMO AUTOMOTIVOS LTDA.,SAO PAULO,6,1995,Sociedade Limitada
35213114118,COMBI-MIX COMERCIO DE ROUPAS LTDA.,CAMPINAS,6,1995,Sociedade Limitada
35213114126,IPCR IMPORTADORA PAULISTA- COMERCIO E REPRESENTACAO LTDA,SAO PAULO,6,1995,Sociedade Limitada
35213114134,BAR E LANCHONETE PEACH PITTI LTDA,SAO PAULO,6,1995,Sociedade Limitada
35213114142,D.D SUN DEDETIZADORA LTDA.,CAJAMAR,6,1995,Sociedade Limitada
35213114151,TECNICA ELETRICA COMERCIAL DUARTE LTDA,SANTANA DE PARNAIBA,6,1995,Sociedade Limitada
35213114169,ACARELLI COMERCIO LTDA.,SOROCABA,6,1995,Sociedade Limitada
35213114177,CLUB FERRAGENS E DECORACOES COMERCIAIS LTDA.,SAO PAULO,6,1995,Sociedade Limitada
35213114185,BELA MARIA MODA E PRESENTES LTDA,SAO PAULO,6,1995,Sociedade Limitada
35213114193,ABINEL INDUSTRIA E COMERCIO LTDA.,SAO PAULO,6,1995,Sociedade Limitada
35213114207,AS PROCESSAMENTO DE DADOS S/C LTDA.,SAO CAETANO DO SUL,6,1995,Sociedade Limitada
35213114215,GRAFICA BLAFFERT LTDA.,SAO JOSE DOS CAMPOS,6,1995,Sociedade Limitada
35213114223,PERCIQUE REFEICOES COMERCIAIS LTDA,SUZANO,6,1995,Sociedade Limitada
35213114231,S3 INFORMATICA LTDA,FRANCA,6,1995,Sociedade Limitada
35213114240,MR REFEICAO E HOSPEDAGEM LTDA,RIBEIRAO PRETO,6,1995,Sociedade Limitada
35213114258,T.C. BAURU ARTIGOS PARA PRESENTE LTDA.,BAURU,6,1995,Sociedade Limitada
35213114266,BAR MENDES E ANSELMO LTDA.,SANTO ANDRE,6,1995,Sociedade Limitada
35213114274,RENDA-LAR CONFECCAO E COMERCIO DE CORTINAS LTDA,SAO PAULO,6,1995,Sociedade Limitada
35213114282,ESTILO VERDE CONSULTORIA AMBIENTAL LTDA,POA,6,1995,Sociedade Limitada
35213114291,FERRI & FERRI LTDA.,SAO JOSE DO RIO PRETO,6,1995,Sociedade Limitada
35213114304,SOMAR TRANSPORTADORA LTDA,MONTE APRAZIVEL,6,1995,Sociedade Limitada
35213114312,COMPSERV - EQUIPAMENTOS E SERVICOS LTDA.,SAO PAULO,6,1995,Sociedade Limitada
35213114321,GIRAPLAST INDUSTRIA E COMERCIO LTDA.,SAO PAULO,6,1995,Sociedade Limitada
35213114339,MAXCELL COMERCIO DE CELULARES LTDA.,PEDREIRA,6,1995,Sociedade Limitada
35213114347,L'AMOUR PRODUTOS EROTICOS LTDA.,SAO PAULO,6,1995,Sociedade Limitada
35213114355,MARCHI CONFECCOES LTDA.,SAO PAULO,6,1995,Sociedade Limitada
35213114363,"FLOR DE CACTUS COMERCIO, IMPORTACAO E EXPORTACAO LTDA.",SAO PAULO,6,1995,Sociedade Limitada
35213114371,BATATA COMERCIO DE EQUIPAMENTOS DE SOM & ACESSORIOS PARA VEICULOS LTDA.,ARARAQUARA,6,1995,Sociedade Limitada
35213114380,MERCEARIA ELISAN DOCE MEL LTDA.,SAO PAULO,6,1995,Sociedade Limitada
35213114398,TOKOMIL MATERIAIS PARA CONSTRUCAO LTDA.,PRESIDENTE PRUDENTE,6,1995,Sociedade Limitada
35213114401,BURGARELLI & CHIQUETE LTDA.,ARACATUBA,6,1995,Sociedade Limitada
35213114410,UNICROM - UNIAO CROMO E METAIS LTDA.,LIMEIRA,6,1995,Sociedade Limitada
35213114428,MELEGATTI & TOSTA LTDA,ORLANDIA,6,1995,Sociedade Limitada
35213114436,GUT SALZIG PRODUTOS ALIMENTICIOS LTDA,SAO PAULO,6,1995,Sociedade Limitada
35213114444,GANDULA LANCHETERIA LTDA.,TREMEMBE,6,1995,Sociedade Limitada
35213114452,FERNANDES & FERNANDES GUARATINGUETA LTDA.,SAO JOSE DOS CAMPOS,6,1995,Sociedade Limitada
35213114461,PJM EMPREITEIRA DE MAO DE OBRA E COMERCIO DE MATERIAIS LTDA,SAO PAULO,6,1995,Sociedade Limitada
35213114479,LATICINIOS CORETO COMERCIO DE ALIMENTOS LTDA,ARTUR NOGUEIRA,6,1995,Sociedade Limitada
35213114487,PIZZARIA LA'DELICIA LTDA,OSASCO,6,1995,Sociedade Limitada
35213114495,BRUGNES CONFECCOES LTDA.,JUQUIA,6,1995,Sociedade Limitada
35213114509,JOSE ANTONIO CAMILOTTI JUNIOR & CIA LTDA,MONTE ALEGRE DO SUL,6,1995,Sociedade Limitada
35213114517,P.L.W. ESTAMPARIA LTDA,DOIS CORREGOS,6,1995,Sociedade Limitada
35213114525,APARECIDO DE CAMPOS LEITE & FILHO LTDA.,RIBEIRAO BONITO,6,1995,Sociedade Limitada
35213114533,G.A. COMERCIAL E DISTRIBUIDORA LTDA.,SAO PAULO,6,1995,Sociedade Limitada
35213114541,AVF EQUIPAMENTOS INDUSTRIAIS LTDA,SERTAOZINHO,6,1995,Sociedade Limitada
35213114550,BARRETI & BARRETI LTDA.,ITAPETININGA,6,1995,Sociedade Limitada
35213114568,SAO PAULO MAGAZINE IMPORTADORA E EXPORTADORA LTDA.,SAO PAULO,6,1995,Sociedade Limitada
35213114576,AUTOCEM CAMINHOES LTDA.,SAO PAULO,6,1995,Sociedade Limitada
35213114584,AMACOM COMERCIO EXTERIOR LTDA.,SAO PAULO,6,1995,Sociedade Limitada
35213114592,A. S. E. SEGURANCA E VIGILANCIA S/C LTDA.,SAO PAULO,6,1995,Sociedade Limitada
35213114606,PESTANA & FERNANDES LTDA.,BARRA BONITA,6,1995,Sociedade Limitada
35213114614,CASA DE CARNES D&D LTDA.,DIADEMA,6,1995,Sociedade Limitada
35213114622,FILMESP LTDA,SAO PAULO,6,1995,Sociedade Limitada
35213114631,ARTILHARIA CONFECCOES DE PACAEMBU LTDA.,PACAEMBU,6,1995,Sociedade Limitada
35213114649,BENAZZI E BENAZZI LANCHONETE LTDA.,PRAIA GRANDE,6,1995,Sociedade Limitada
35213114657,CHAVEIRO SERVE BEM LTDA.,SAO PAULO,6,1995,Sociedade Limitada
35213114665,"TRANSCOUTRIM TRANSPORTES E ENTREGAS RAPIDAS LTDA. ""INABILITADA PARA EXERCER ATIVIDADE EMPRESARIAL""",SAO PAULO,6,1995,Sociedade Limitada
35213114673,NIHON ALIMENTOS E PRODUTOS LTDA.,ARACATUBA,6,1995,Sociedade Limitada
35213114681,J. B. S. AGUAI LTDA.,AGUAI,6,1995,Sociedade Limitada
35213114690,E.L.T BOOKS ON LINE LIVROS RAPIDOS LTDA,SOROCABA,6,1995,Sociedade Limitada
35213114703,ACS SERVICOS E SOLUCOES EM INFORMATICA LTDA,SAO PAULO,6,1995,Sociedade Limitada
35213114711,GAYA & GONCALVES MODAS LTDA,SAO PAULO,6,1995,Sociedade Limitada
35213114720,STAMP LUZ REPRESENTACOES LTDA.,SANTANA DE PARNAIBA,6,1995,Sociedade Limitada
35213114738,COMERCIO DE PNEUS E ACESSORIOS PONTUAL LTDA.,SAO PAULO,6,1995,Sociedade Limitada
35213114746,MASTRANGELO & GARRO COMERCIO DE PNEUS E ACESSORIOS LTDA.,SAO PAULO,6,1995,Sociedade Limitada
35213114762,PRODEART MOVEIS E DECORACOES LTDA,SAO PAULO,6,1995,Sociedade Limitada
35213114771,SIA DAS ARTES GRAFICAS FOTOLITOS E EDITORA LTDA.,SAO PAULO,6,1995,Sociedade Limitada
35213114789,MINI MERCADO COVAN LTDA,FRANCISCO MORATO,6,1995,Sociedade Limitada
35213114797,"YSA - BELLA MODAS, COMERCIO E REPRESENTACAO LTDA.",SAO PAULO,6,1995,Sociedade Limitada
35213114801,ALL - SOURCE COMERCIO E SERVICOS DE INFORMATICA LTDA.,JUQUITIBA,6,1995,Sociedade Limitada
35213114819,WORLD LOOK-PROMOCOES E EVENTOS LTDA,SANTOS,6,1995,Sociedade Limitada
35213114827,V. FERREIRA E RAMOS LTDA.,SANTOS,6,1995,Sociedade Limitada
35213114835,INTEGRAL - ADMINISTRADORA DE BENS E CONDOMINIOS LTDA.,SANTOS,6,1995,Sociedade Limitada
35213114843,GRAPHICA OPHICINA DAS ARTES EDITORA LTDA,SAO PAULO,6,1995,Sociedade Limitada
35213114851,ROMAPEL EMBALAGENS LTDA.,SAO PAULO,6,1995,Sociedade Limitada
35213114860,ITA - LIB MASSAS FRESCAS LTDA,SAO CAETANO DO SUL,6,1995,Sociedade Limitada
35213114878,MOGIGUACUFER MAQUINAS E FERRAMENTAS LTDA.,MOGI-GUACU,6,1995,Sociedade Limitada
35213114886,"CIMO INVESTIMENTOS, FOMENTO COMERCIAL E ADMINISTRACAO FINANCEIRA LTDA.",CAMPINAS,6,1995,Sociedade Limitada
35213114894,MASTER CORRETORA DE MERCADORIAS LTDA,SAO PAULO,6,1995,Sociedade Limitada
35213114908,TIAMAR COMERCIO DE ROUPAS LTDA.,GUARULHOS,6,1995,Sociedade Limitada
35213114916,NOSSO CARVAO DISTRIBUIDORA DE CARVAO E BEBIDAS LTDA.,SAO PAULO,6,1995,Sociedade Limitada
35213114924,UNIAGRO ARACATUBA UNIAO AGRICOLA COMERCIO E REPRESENTACOES LTDA,ARACATUBA,6,1995,Sociedade Limitada
35213114932,CEIBRAS COMERCIAL EXPORTADORA E IMPORTADORA BRASILEIRA LTDA.,JUNDIAI,6,1995,Sociedade Limitada
35213114941,RUST SISTEMA ELETRONICO AUTO SUSTENTAVEL LTDA,CAMPINAS,6,1995,Sociedade Limitada
35213114959,FITOVET REPRESENTACOES E COMERCIO DE PRODUTOS QUIMICOS LTDA,CAMPINAS,6,1995,Sociedade Limitada
35213114967,ILHA-MORENA COMERCIO DE ROUPAS CAMPINAS,CAMPINAS,6,1995,Sociedade Limitada
35213114975,HAPPY WAY CONFECCOES LTDA,BAURU,6,1995,Sociedade Limitada
35213114983,RESTAURANTE E LANCHONETE PRAZER EM COMER LTDA,ITAPETININGA,6,1995,Sociedade Limitada
35213114991,CONFECCOES COELHO INDUSTRIA E COMERCIO LTDA.,SANTA BARBARA D'OESTE,6,1995,Sociedade Limitada
35213115009,MARCOS A FELIPE & CIA LTDA.,MOGI-MIRIM,6,1995,Sociedade Limitada
35213115017,ZANPLAST COMERCIO DE PLASTICOS INDUSTRIAIS LTDA.,SAO PAULO,6,1995,Sociedade Limitada
35213115025,THUNDER BIKE COMERCIAL LTDA.,GUARULHOS,6,1995,Sociedade Limitada
35213115033,A.B.B. COMERCIAL LTDA.,MATAO,6,1995,Sociedade Limitada
35213115041,ARISBAR COMERCIO DE LATICINIOS LTDA,SAO PAULO,6,1995,Sociedade Limitada
35213115050,ALERYZA ROTISSERIE COMERCIO LTDA.,SAO PAULO,6,1995,Sociedade Limitada
35213115068,ON LINE FACTORING LTDA,RIBEIRAO PRETO,6,1995,Sociedade Limitada
35213115076,ESPACO FOTOGRAFICO LTDA.,SAO CAETANO DO SUL,6,1995,Sociedade Limitada
35213115084,THE COLOR HOUSEFOTOPROCESSAMENTO LTDA.,SOROCABA,6,1995,Sociedade Limitada
35213115092,TREZENTOS E SESSENTA GRAUS-VIAGENS E TURISMO LTDA.,SAO PAULO,6,1995,Sociedade Limitada
35213115106,AMBITO LOGISTICA E DISTRIBUICAO LTDA.,SAO PAULO,6,1995,Sociedade Limitada
35213115114,TRANSPORTES CHARTER TURISMO LTDA.,,6,1995,Sociedade Limitada
35213115122,PALMAS DECORACOES LTDA.,SAO PAULO,6,1995,Sociedade Limitada
35213115131,PAZINI & SILVA LTDA.,GUARACI,6,1995,Sociedade Limitada
35213115149,EDY PRESENTES LTDA.,OSASCO,6,1995,Sociedade Limitada
35213115157,SOFTLOG COMERCIO TRANSPORTES E LOGISTICA LTDA,SAO PAULO,6,1995,Sociedade Limitada
35213115165,LANCHONETE LISA LTDA.,SAO PAULO,6,1995,Sociedade Limitada
35213115173,ACADEMIA ABRAAO RODRIGUES LTDA.,MAIRIPORA,6,1995,Sociedade Limitada
35213115181,S. L E SILVA SANTANA TRANSPORTES LTDA,SAO PAULO,6,1995,Sociedade Limitada
35213115190,DIOSA INDUSTRIA E COMERCIO DE ROUPAS LTDA.,SAO PAULO,6,1995,Sociedade Limitada
35213115203,COMERCIAL RODIJO DE PNEUMATICO LTDA.,NOVO HORIZONTE,6,1995,Sociedade Limitada
35213115211,STUDIO 1 - VIDEO LOCADORA LTDA.,SAO PAULO,6,1995,Sociedade Limitada
35213115220,AERIUM TRANSPORTE RODO AEREO LTDA.,SAO PAULO,6,1995,Sociedade Limitada
35213115238,VMTL ASSESSORIA E REPRESENTACOES COMERCIAIS LTDA,SAO PAULO,6,1995,Sociedade Limitada
35213115246,BICICLETARIA ALVORADA DRACENA LTDA.,DRACENA,6,1995,Sociedade Limitada
35213115254,TRANSPORTE E COMERCIO URSINI LTDA.,BARRA BONITA,6,1995,Sociedade Limitada
35213115262,TABACARIA UNIAO LTDA.,ARARAQUARA,6,1995,Sociedade Limitada
35213115271,FRIOARA COMERCIO E SERVICOS DE REFRIGERACAO ARARAQUARA LTDA,ARARAQUARA,6,1995,Sociedade Limitada
35213115289,FARINAZZO & FARINAZZO LTDA.,FERNANDOPOLIS,6,1995,Sociedade Limitada
35213115297,GUARINO COMERCIO DE PRODUTOS ALIMENTICIOS LTDA.,SAO PAULO,6,1995,Sociedade Limitada
35213115301,B.H.IMPORTACAO E EXPORTACAO LTDA.,SAO PAULO,6,1995,Sociedade Limitada
35213115319,ECONOMAX INDUSTRIA METALPLASTICA LTDA.,SAO PAULO,6,1995,Sociedade Limitada
35213115327,PIRAMIDE INDUSTRIA E COMERCIO DE CONFECCOES LTDA,LENCOIS PAULISTA,6,1995,Sociedade Limitada
35213115335,PCARDOSO REPRESENTACOES COMERCIAIS LTDA,JUNDIAI,6,1995,Sociedade Limitada
35213115343,JHS INDUSTRIAS E COMERCIOS DE PINTURAS TECNICAS SERIGRAFIA LTDA.,SAO PAULO,6,1995,Sociedade Limitada
35213115351,BRUMADO VEICULOS LTDA.,SAO PAULO,6,1995,Sociedade Limitada
35213115360,DETALHE-ELETRONICA LTDA.,SAO PAULO,6,1995,Sociedade Limitada
35213115378,PEXARIA E QUINTANDA EDIAZ SAILE LTDA,SAO PAULO,6,1995,Sociedade Limitada
35213115386,SOLMATEC INDUSTRIA E COMERCIO LTDA,SAO PAULO,6,1995,Sociedade Limitada
35213115394,ADAM MODA INFANTIL LTDA,SAO PAULO,6,1995,Sociedade Limitada
35213115408,DEMARCHI & JORGE PARTICIPACOES LTDA.,CAMPINAS,6,1995,Sociedade Limitada
35213115416,APPLIED SIGN COMUNICACAO VISUAL LTDA.,SAO PAULO,6,1995,Sociedade Limitada
35213115424,P.W.I. DISTRIBUIDORA DE CIGARROS LTDA.,ITAQUAQUECETUBA,6,1995,Sociedade Limitada
35213115432,VLAIDE COMERCIO E REPRESENTACOES LTDA.,CAMPINAS,6,1995,Sociedade Limitada
35213115441,DROGARIA NOVA PORTUGAL LTDA.,SAO PAULO,6,1995,Sociedade Limitada
35213115459,BELTON DISTRIBUIDORA E COMERCIO LTDA.,JAGUARIUNA,6,1995,Sociedade Limitada
35213115467,D.P.I. DATA PLUS INFORMATICA LTDA.,CAMPINAS,6,1995,Sociedade Limitada
35213115475,COMERCIAL E CONSTRUTORA MALANDRIM LTDA.,CAMPINAS,6,1995,Sociedade Limitada
35213115483,L'ORANGE BAZAR E PAPELARIA KTDA.,SAO PAULO,6,1995,Sociedade Limitada
35213115491,BAR E RESTAURANTE CORACAO DA VILA LTDA.,DIADEMA,6,1995,Sociedade Limitada
35213115505,SERRA DA CANASTRA COMERCIO DE PRODUTOS ALIMENTICIOS LTDA.,SAO PAULO,6,1995,Sociedade Limitada
35213115513,BUFFET ACONCHEGO BALAS E BALDES LTDA.,SAO PAULO,6,1995,Sociedade Limitada
35213115521,DA COSTA LAVANDERIA LTDA.,SAO PAULO,6,1995,Sociedade Limitada
35213115530,PRO-TINEX PINTURA ELETROSTATICA LTDA.,SAO PAULO,6,1995,Sociedade Limitada
35213115548,IGUATEMI ESCAPAMENTOS LTDA.,SAO PAULO,6,1995,Sociedade Limitada
35213115556,SOCIN - SOLUCOES COMERCIAIS INTEGRADAS LTDA,RIBEIRAO PRETO,6,1995,Sociedade Limitada
35213115564,LIDERFRIZ INDUSTRIA COMERCIO DE ACESSORIOS PARA AUTOS LTDA,DIADEMA,6,1995,Sociedade Limitada
35213115572,NOVA ERA COMERCIO E SERVICOS DE INFORMATICA LTDA.,RIBEIRAO PRETO,6,1995,Sociedade Limitada
35213115581,JAM COMERCIAL E DISTRIBUIDORA DE PRODUTOS ALIMENTICIOS LTDA,RIBEIRAO PRETO,6,1995,Sociedade Limitada
35213115599,WILLIAM SACA LTDA,PRESIDENTE PRUDENTE,6,1995,Sociedade Limitada
35213115602,EQUITRON TELECOMUNICACOES FRANCA LTDA.,FRANCA,6,1995,Sociedade Limitada
35213115611,N. M. CARNES FRANCA LTDA.,FRANCA,6,1995,Sociedade Limitada
35213115629,J N P SOFTWARE DE FRANCA LTDA,FRANCA,6,1995,Sociedade Limitada
35213115637,VISUAL INFORMATICA CONSULTORIA E DESENVOLVIMENTO DE SISTEMAS LTDA.,FRANCA,6,1995,Sociedade Limitada
35213115653,"CALCADOS FIO TERRA LTDA - ""INABILITADA PARA EXERCER ATIVIDADE EMPRESARIAL""",FRANCA,6,1995,Sociedade Limitada
35213115661,ZANIAZ PUBLICIDADE LTDA.,SAO PAULO,6,1995,Sociedade Limitada
35213115670,VAVA SPORT CENTER LTDA.,SAO PAULO,6,1995,Sociedade Limitada
35213115688,BAR E MERCEARIA BAHAMAS LTDA.,SAO PAULO,6,1995,Sociedade Limitada
35213115696,CANTINA E PIZZARIA LINA ROSSA LTDA.,MOGI DAS CRUZES,6,1995,Sociedade Limitada
35213115700,VIMA-COPIADORA E PAPELARIA RP LTDA.,RIBEIRAO PRETO,6,1995,Sociedade Limitada
35213115718,COMERCIO DE PRATOS FEITOS FEOLANA'S LTDA.,RIBEIRAO PRETO,6,1995,Sociedade Limitada
35213115726,HAPPINESS COMERCIO DE PRODUTOS ALIMENTICIOS LTDA.,SAO BERNARDO DO CAMPO,6,1995,Sociedade Limitada
35213115734,M & M MEDICAMENTOS LTDA.,SAO JOSE DO RIO PRETO,6,1995,Sociedade Limitada
35213115742,CONFECCOES FARIA & RAMOS LTDA.,SAO JOSE DO RIO PRETO,6,1995,Sociedade Limitada
35213115751,RIATLA - PRODUTOS ALIMENTICIOS LTDA.,SAO PAULO,6,1995,Sociedade Limitada
35213115769,GARDEN BOTANIKA LTDA,SAO PAULO,6,1995,Sociedade Limitada
35213115777,WINNER RENT A CAR LTDA.,SAO PAULO,6,1995,Sociedade Limitada
35213115785,YIP CHEN COMERCIO IMPORTACAO E EXPORTACAO LTDA.,SAO PAULO,6,1995,Sociedade Limitada
35213115793,SANSTEP MOVEIS E DECORACOES LTDA.,SAO PAULO,6,1995,Sociedade Limitada
35213115815,CALAAT COMERCIAL LTDA.,SAO PAULO,6,1995,Sociedade Limitada
35213115823,ROTISSERIE BRUVITANE GRILL LTDA.,SAO PAULO,6,1995,Sociedade Limitada
35213115831,TRANSDATA COMERCIAL LTDA,SAO PAULO,6,1995,Sociedade Limitada
35213115840,CAMISAS FRANCISCO BADARO LTDA.,OSASCO,6,1995,Sociedade Limitada
35213115858,STUDIO DORINHOS CONFECCOES LTDA.,SAO PAULO,6,1995,Sociedade Limitada
35213115866,VERYREAL COMERCIO DE COSMETICOS E APARELHOS TERMOELETRICOS LTDA,OSASCO,6,1995,Sociedade Limitada
35213115874,TRANSITRANS TRANSPORTES LTDA,SAO PAULO,6,1995,Sociedade Limitada
35213115882,POLYCHEM SERVICOS LTDA,SAO PAULO,6,1995,Sociedade Limitada
35213115891,SERENIL PAES E DOCES LTDA.,OSASCO,6,1995,Sociedade Limitada
35213115904,JRA PAINEIS ELETRO ELETRONICOS LTDA.,CAIEIRAS,6,1995,Sociedade Limitada
35213115912,CHAPARRAL INFORMATICA LTDA,SAO PAULO,6,1995,Sociedade Limitada
35213115921,PROMIL IDEIAS LTDA,SAO PAULO,6,1995,Sociedade Limitada
35213115939,GIPA PREPARACAO DE REFEICOES LTDA.,JUNDIAI,6,1995,Sociedade Limitada
35213115947,DIRCEU DIOGO & CIA. LTDA.,BERNARDINO DE CAMPOS,6,1995,Sociedade Limitada
35213115955,S.C. SPADOTI MATERIAL ELETRICO LTDA.,BOTUCATU,6,1995,Sociedade Limitada
35213115963,LITORAL SERVICOS DE REFRIGERACAO LTDA.,SAO SEBASTIAO,6,1995,Sociedade Limitada
35213115971,DROGARIA BORBOREMA LTDA,BORBOREMA,6,1995,Sociedade Limitada
35213115980,JOPE INDUSTRIA E COMERCIO DE MOVEIS LTDA.,VALENTIM GENTIL,6,1995,Sociedade Limitada
35213115998,DUFONE MATERIAIS PARA TELEFONIA LTDA.,CAMPINAS,6,1995,Sociedade Limitada
35213116005,INSTALL COMERCIO E INSTALACAO DE ESQUADRIAS DE ALUMINIO LTDA.,CAMPINAS,6,1995,Sociedade Limitada
35213116013,COMERCIO DE PRODUTOS AGROPECUARIOS VILA MARIETA LTDA.,CAMPINAS,6,1995,Sociedade Limitada
35213116021,AUTO PIC AUTOMOVEIS LTDA.,SAO PAULO,6,1995,Sociedade Limitada
35213116030,COMPULESTE SERVICOS DE INFORMATICA LTDA,SAO PAULO,6,1995,Sociedade Limitada
35213116048,LOS FINOS ROTISSERIE LTDA.,SAO PAULO,6,1995,Sociedade Limitada
35213116056,BICICLETARIA BONTEMPI LTDA.,SAO PAULO,6,1995,Sociedade Limitada
35213116064,FRUTOS DA TERRA PRODUTOS ALIMENTICIOS LTDA.,SAO PAULO,6,1995,Sociedade Limitada
35213116072,J.G. INDUSTRIA E COMERCIO DE ROUPAS LTDA.,SAO PAULO,6,1995,Sociedade Limitada
35213116081,TREVO CAMINHOES LTDA.,GUARULHOS,6,1995,Sociedade Limitada
35213116099,ALVATOUR CONSULTORIA TREINAMENTO E REPRESENTACOES EM TURISMO LTDA,SAO PAULO,6,1995,Sociedade Limitada
35213116102,GRAFICA MARILU LTDA,ITAPECERICA DA SERRA,6,1995,Sociedade Limitada
35213116111,P.J. TRANSPORTES AEREOS E RODOVIARIOS LTDA.,SAO PAULO,6,1995,Sociedade Limitada
35213116129,INTER PLASTICO INDUSTRIA E COMERCIO DE PLASTICOS LTDA,GUARULHOS,6,1995,Sociedade Limitada
35213116137,BARI LOOK COMERCIAL LTDA.,SAO PAULO,6,1995,Sociedade Limitada
35213116145,MARINER EQUIPAMENTOS LTDA.,SAO PAULO,6,1995,Sociedade Limitada
35213116153,MORAIS SOUZA CONSTRUCAO E SERVICOS LTDA.,FRANCA,6,1995,Sociedade Limitada
35213116161,MULTITRACAO VEICULOS E PECAS LTDA.,CAMPINAS,6,1995,Sociedade Limitada
35213116170,MULTIEIXO PRODUTOS E SERVICOS LTDA.,SAO PAULO,6,1995,Sociedade Limitada
35213116188,REFRIGERACAO TRES PODERES LTDA.,TABOAO DA SERRA,6,1995,Sociedade Limitada
35213116196,COSTA MAR - COMERCIO REPRESENTACAO E DISTRIBUICAO LTDA.,SAO VICENTE,6,1995,Sociedade Limitada
35213116200,WBBRASIL ADMINISTRADORA LTDA,SAO PAULO,6,1995,Sociedade Limitada
35213116218,TEXTIL FUTURAMA LTDA.,SAO PAULO,6,1995,Sociedade Limitada
35213116226,JOEBEL COMERCIO DE FERRAGENS E FERRAMENTAS LTDA.,SANTO ANDRE,6,1995,Sociedade Limitada
35213116234,R. B. SZPORN & CIA LTDA,SAO PAULO,6,1995,Sociedade Limitada
35213116242,TEMOS MAO DE OBRA DE CALDERARIA E USINAGEM LTDA,EMBU,6,1995,Sociedade Limitada
35213116251,MANNAGER INFORMATICA RIBEIRAO PRETO LTDA,RIBEIRAO PRETO,6,1995,Sociedade Limitada
35213116277,VALDIOTEL-COMERCIAL DE COMUNICACOES E INSTALACOES LTDA,SAO PAULO,6,1995,Sociedade Limitada
35213116285,OCEANPLAST COMERCIO DE PLASTICOS LTDA,GUARUJA,6,1995,Sociedade Limitada
35213116293,BENTO& ALEIXO INFORMATICA LTDA,PRAIA GRANDE,6,1995,Sociedade Limitada
35213116307,COLD MEC REFRIGERACAO LTDA,SOROCABA,6,1995,Sociedade Limitada
35213116315,CARTEL ASSESSORIA E MARKETING LTDA,SANTOS,6,1995,Sociedade Limitada
35213116323,CLA & CRIS CONFECCOES LTDA.,SAO PAULO,6,1995,Sociedade Limitada
35213116331,ADRIAN COMERCIO DE AGUA E BEBIDAS EM GERAL LTDA.,SAO LOURENCO DA SERRA,6,1995,Sociedade Limitada
35213116340,KEYWORD REPRESENTACOES COMERCIAIS LTDA,SOROCABA,6,1995,Sociedade Limitada
35213116358,ARONIX COMERCIAL LTDA,SAO PAULO,6,1995,Sociedade Limitada
35213116366,BAR E EMPORIO GIBAR'S LTDA,SAO PAULO,6,1995,Sociedade Limitada
35213116374,MITSUWA INDUSTRIA E COMERCIO LTDA.,SAO BERNARDO DO CAMPO,6,1995,Sociedade Limitada
35213116382,ANCHIETA - JENI COMERCIO E USINAGEM DE MOLAS LTDA.,VALINHOS,6,1995,Sociedade Limitada
35213116391,IBD INDUSTRIA BRASILEIRA DE DIRECOES LTDA.,SANTO ANDRE,6,1995,Sociedade Limitada
35213116404,ASATUR VIAGENS E TURISMO LTDA.,SAO PAULO,6,1995,Sociedade Limitada
35213116412,KAMIYA COMERCIO ATACADISTA DE FRUTAS LTDA.,SANTO ANDRE,6,1995,Sociedade Limitada
35213116421,RENT ALL - LOCACOES E COMERCIO DE VEICULOS LTDA.,SAO PAULO,6,1995,Sociedade Limitada
35213116439,ZANICAR-TRANSPORTES E TERRAPLANAGEM LTDA,CAPIVARI,6,1995,Sociedade Limitada
35213116447,AUTO ELETRICO IRMAOS NISHIMURA LTDA,OSASCO,6,1995,Sociedade Limitada
35213116455,BIRD COMUNICACAO LTDA.,SAO PAULO,6,1995,Sociedade Limitada
35213116463,ANALYTICS CENTRO DE FORMACAO PROFISSIONAL LTDA,SAO CAETANO DO SUL,6,1995,Sociedade Limitada
35213116471,ETCO COMERCIO E SERVICOS EM EDUCACAO FINANCEIRA LTDA,TABOAO DA SERRA,6,1995,Sociedade Limitada
35213116480,COLUNASA CONSTRUCAO CIVIL LTDA.,PAULINIA,6,1995,Sociedade Limitada
35213116498,DBJ - DISTRIBUIDORA DE BEBIDAS JAGUARI LTDA.,PEDREIRA,6,1995,Sociedade Limitada
35213116501,JEFFERSON CARLOS LUCAS & CIA. LTDA.,JOSE BONIFACIO,6,1995,Sociedade Limitada
35213116510,M. W. D. MODELACAO LTDA,GUARULHOS,6,1995,Sociedade Limitada
35213116528,MESTRE COMERCIO DE OLEOS E LUBRIFICANTES LTDA.,SAO PAULO,6,1995,Sociedade Limitada
35213116536,TERRAPLENAGEM SAO LUCAS LTDA,LINDOIA,6,1995,Sociedade Limitada
35213116544,ARGONAUTA COMERCIO E SERVICOS OCEANOGRAFICOS LTDA.,UBATUBA,6,1995,Sociedade Limitada
35213116552,MARCENARIA E MADEIREIRA UNIAO DE ALVARES MACHADO LTDA.,ALVARES MACHADO,6,1995,Sociedade Limitada
35213116561,VARONIL INDUSTRIA E COMERCIO DE ARTEFATOS PLASTICOS LTDA.,DIADEMA,6,1995,Sociedade Limitada
35213116579,T & M MODAS LTDA.,SAO PAULO,6,1995,Sociedade Limitada
35213116587,CASTELLEONI DE OLIVEIRA & NASCIMENTO LTDA.,TAMBAU,6,1995,Sociedade Limitada
35213116595,C.P.J. - COMPANHIA PAULISTA DE INFORMATICA LTDA.,SAO PAULO,6,1995,Sociedade Limitada
35213116609,COMERCIO DE ARTIGOS PARA FESTAS CAMPOS LTDA,SAO PAULO,6,1995,Sociedade Limitada
35213116617,SIMON PIO MAQUINAS LTDA,INDAIATUBA,6,1995,Sociedade Limitada
35213116625,RIBERSUCOS PRODUTOS ALIMENTICIOS LTDA.,RIBEIRAO PRETO,6,1995,Sociedade Limitada
35213116633,REYWA COMERCIAL LTDA.,RIBEIRAO PRETO,6,1995,Sociedade Limitada
35213116641,C.D.C. CENTRO DE DESENVOLVIMENTO CULTURAL LTDA,RIBEIRAO PRETO,6,1995,Sociedade Limitada
35213116650,CTC PERFUMARIA E COSMETICOS LTDA.,RIBEIRAO PRETO,6,1995,Sociedade Limitada
35213116668,MORIYYAH - LOJA DE CONVENIENCIA LTDA.,RIBEIRAO PRETO,6,1995,Sociedade Limitada
35213116676,NH REPRESENTACAO E COMERCIO DE RESINAS LTDA,GUARARAPES,6,1995,Sociedade Limitada
35213116684,FAST BOSS TRANSPORTES LTDA.,SOROCABA,6,1995,Sociedade Limitada
35213116692,D.F. SOROCABA REPRESENTACOES COMERCIAIS LTDA,SOROCABA,6,1995,Sociedade Limitada
35213116706,TRANSPORTADORA RODOTAL LTDA,SAO PAULO,6,1995,Sociedade Limitada
35213116714,CONFECCOES MARIANO LTDA.,SAO PAULO,6,1995,Sociedade Limitada
35213116722,CCI QUIMICA IMPORTACAO EXPORTACAO E REPRESENTACOES LTDA.,SAO PAULO,6,1995,Sociedade Limitada
35213116731,COMERCIAL FRANCAR LTDA,SAO PAULO,6,1995,Sociedade Limitada
35213116749,COMERCIAL CAMARGO & NUNES LTDA,ITATINGA,6,1995,Sociedade Limitada
35213116757,INTERCAR DISTRIBUIDORA DE AUTO PECAS LTDA,SAO PAULO,6,1995,Sociedade Limitada
35213116765,IMOBILIARIA MARTERON LTDA,PENAPOLIS,6,1995,Sociedade Limitada
35213116773,ESTANCIA PORTO FERRAO COMERCIAL LTDA.,PONGAI,6,1995,Sociedade Limitada
35213116781,ARTES E DECORACOES ITAPETI LTDA.,MOGI DAS CRUZES,6,1995,Sociedade Limitada
35213116790,W E W REPRESENTACOES COMERCIAIS LTDA,MOGI DAS CRUZES,6,1995,Sociedade Limitada
35213116803,MAYA STUDIO SERVICOS DE COBRANCA LTDA,SAO PAULO,6,1995,Sociedade Limitada
35213116811,LANCHONETE E PASTELARIA MARY CARLY LTDA,LINS,6,1995,Sociedade Limitada
35213116820,DATA WARE TELEINFORMATICA LTDA,SAO PAULO,6,1995,Sociedade Limitada
35213116838,CASA DE CARNES VERSONI LTDA.,SAO PAULO,6,1995,Sociedade Limitada
35213116846,KAEL REPRESENTACAO COMERCIAL LTDA,SAO PAULO,6,1995,Sociedade Limitada
35213116854,BAZAR E PAPELARIA G LTDA.,SAO PAULO,6,1995,Sociedade Limitada
35213116862,WALFER INDUSTRIA E COMERCIO DE ARTEFATOS DE ALUMINIO LTDA.,SAO BERNARDO DO CAMPO,6,1995,Sociedade Limitada
35213116871,SIORILLI REPRESENTACOES COMERCIAIS LTDA,SAO CAETANO DO SUL,6,1995,Sociedade Limitada
35213116889,MARIAD MATERIAIS PARA CONSTRUCOES E PEDRAS DECORATIVAS LTDA.,TAUBATE,6,1995,Sociedade Limitada
35213116897,TECBENS DISTRIBUIDORA DE TITULOS E VALORES MOBILIARIOS LTDA.,SAO PAULO,6,1995,Sociedade Limitada
35213116901,DISTRILUZ ENERGIA ELETRICA LTDA,SAO PAULO,6,1995,Sociedade Limitada
35213116927,DAWSON MARINE INDUSTRIA E COMERCIO LTDA.,SAO PAULO,6,1995,Sociedade Limitada
35213116935,GARCIA E FILHOS AUTO PECAS E SERVICOS LTDA,GUARULHOS,6,1995,Sociedade Limitada
35213116943,COMERCIAL DE ALIMENTOS TUPIRY LTDA,PRAIA GRANDE,6,1995,Sociedade Limitada
35213116951,MARIPIM COMERCIO E DISTRIBUIDORA LTDA,SAO PAULO,6,1995,Sociedade Limitada
35213116960,SIMAO E SIMAO COMERCIO DISTRIBUICAO DE PRODUTOS HORTIFRUTIGRANJEIROS LTDA.,SAO PAULO,6,1995,Sociedade Limitada
35213116978,GULOSEIMAS ENOANA LTDA,SAO PAULO,6,1995,Sociedade Limitada
35213116986,COLI CORRETORA LTDA,TAUBATE,6,1995,Sociedade Limitada
35213116994,EMPYRIOS ASSESSORIA E CONSULTORIA IMOBILIARIA LTDA.,SAO PAULO,6,1995,Sociedade Limitada
35213117001,RKM ARMARINHO LTDA.,SAO PAULO,6,1995,Sociedade Limitada
35213117010,WCA COMERCIO VAREJISTA DE ELETRONICOS LTDA,SAO PAULO,6,1995,Sociedade Limitada
35213117028,SDR VINIL LTDA,DIADEMA,6,1995,Sociedade Limitada
35213117036,PACIFIC ASSESSORIA ADUANEIRA E TRANSPORTES LTDA,GUARUJA,6,1995,Sociedade Limitada
35213117044,DURR AIS LTDA.,SAO PAULO,6,1995,Sociedade Limitada
35213117052,KISS COLOR COMERCIAL LTDA.,SAO PAULO,6,1995,Sociedade Limitada
35213117061,MERCOBRAS - COMERCIAL LTDA.,SAO PAULO,6,1995,Sociedade Limitada
35213117079,LAGUNA INDUSTRIA METALURGICA LTDA,GUARULHOS,6,1995,Sociedade Limitada
35213117087,CASA DO NORTE TABOAO DA SERRA LTDA,TABOAO DA SERRA,6,1995,Sociedade Limitada
35213117095,ALFA AFIACOES E COMERCIO DE SERRAS LTDA.,SAO PAULO,6,1995,Sociedade Limitada
35213117109,EPONA INDUSTRIA E COMERCIO DE CONFECCOES LTDA.,SAO PAULO,6,1995,Sociedade Limitada
35213117117,JUNIOR'S KREP'S LTDA.,SAO BERNARDO DO CAMPO,6,1995,Sociedade Limitada
35213117125,ABC-TEC LTDA,SAO BERNARDO DO CAMPO,6,1995,Sociedade Limitada
35213117133,COMERCIO DE PRODUTOS DE LIMPEZA MAD LTDA,JUNDIAI,6,1995,Sociedade Limitada
35213117141,"ESCUDO, VIVAVIDA, SOLAREX, SUNWIZE, WATERFREE LIGHTFREE MAGICPOWER PRODUTOS E SERVICOS DE PROTECAO AMBEINTAL LTDA.",SAO PAULO,6,1995,Sociedade Limitada
35213117150,WEST LINE TELECOMUNICACOES LTDA,SAO PAULO,6,1995,Sociedade Limitada
35213117168,LUZIR MERCEARIA LTDA.,CAMPINAS,6,1995,Sociedade Limitada
35213117176,SAMA SELECAO E MAO DE OBRA TEMPORARIA LTDA,SAO PAULO,6,1995,Sociedade Limitada
35213117184,CONFECCOES FLARO LTDA.,SAO PAULO,6,1995,Sociedade Limitada
35213117192,EMPREENDIMENTOS E EMPREITEIRA MIRAGE LTDA.,ITAQUAQUECETUBA,6,1995,Sociedade Limitada
35213117206,FRJ330 CONSULTORIA E TECNOLOGIA LTDA,SAO PAULO,6,1995,Sociedade Limitada
35213117214,PANICOFFE-COMERCIO DE DOCES E SALGADOS LTDA,SAO PAULO,6,1995,Sociedade Limitada
35213117222,LANCHONETE CANTINHO DO GOSTO LTDA,SAO PAULO,6,1995,Sociedade Limitada
35213117231,COMERCIAL ARCOCHA LTDA,OSASCO,6,1995,Sociedade Limitada
35213117249,DIXMAN COMERCIAL DE QUALIDADE LTDA,SALESOPOLIS,6,1995,Sociedade Limitada
35213117257,TROIANO INDUSTRIA E COMERCIO DE FERRO E ACO LTDA.,SAO PAULO,6,1995,Sociedade Limitada
35213117265,COMERCIO DE UTILIDADES DOMESTICAS WALMA LTDA,TAUBATE,6,1995,Sociedade Limitada
35213117273,TOTAL FINISHING EQUIPAMENTOS E ABRASIVOS LTDA,INDAIATUBA,6,1995,Sociedade Limitada
35213117281,FRAGA - MARKETING E SERVICOS LTDA,CAMPINAS,6,1995,Sociedade Limitada
35213117290,"BAR""S FREITAS REIS & LOPES LTDA",CUBATAO,6,1995,Sociedade Limitada
35213117303,LUZ DO ORIENTE ARTIGOS RELIGIOSOS LTDA.,SAO PAULO,6,1995,Sociedade Limitada
35213117311,THIFANY'S PRESENTES LTDA,SAO BERNARDO DO CAMPO,6,1995,Sociedade Limitada
35213117320,EDUANA'S COMERCIO E REPRESENTACAO LTDA.,SAO PAULO,6,1995,Sociedade Limitada
35213117338,ARCOBALENO TRADING COMERCIAL LTDA,CAMPINAS,6,1995,Sociedade Limitada
35213117346,H S-TRANSPORTES LTDA.,SAO PAULO,6,1995,Sociedade Limitada
35213117354,INDIGO BLUE INDUSTRIA E BENEFICIAMENTO LTDA,POA,6,1995,Sociedade Limitada
35213117362,DIAMANTE COMERCIAL LTDA.,PIRACICABA,6,1995,Sociedade Limitada
35213117371,LEMEC DO BRASIL COMERCIAL LTDA,SAO PAULO,6,1995,Sociedade Limitada
35213117389,SLM COMERCIO REPRESENTACOES LTDA.,SAO PAULO,6,1995,Sociedade Limitada
35213117397,TAG-PEL EMBALAGENS LTDA,GUARULHOS,6,1995,Sociedade Limitada
35213117401,DFV COMERCIO DE PECAS E AUTO SERVICOS LTDA,SAO PAULO,6,1995,Sociedade Limitada
35213117419,PRUDENSAFRA - COMERCIO DE PRODUTOS AGROPECUARIOS LTDA,PRESIDENTE PRUDENTE,6,1995,Sociedade Limitada
35213117427,"C.G.S. - CONSTRUCOES, INCORPORACOES E COMERCIO LTDA.",PRESIDENTE PRUDENTE,6,1995,Sociedade Limitada
35213117435,RACOES PRUDENTE INDUSTRIA E COMERCIO LTDA,PRESIDENTE PRUDENTE,6,1995,Sociedade Limitada
35213117443,FLORENTINO FLORENTINO E XEROGRAPHIC BOY LTDA,SAO BERNARDO DO CAMPO,6,1995,Sociedade Limitada
35213117451,BAR E LANCHES LUZIO SANTANA LTDA.,SAO PAULO,6,1995,Sociedade Limitada
35213117460,NEW HORACIO COUTO BAR E RESTAURANTE LTDA,SAO PAULO,6,1995,Sociedade Limitada
35213117478,SOBREIRA & VILAS - BOAS COMERCIO E CONSULTORIA DE INFORMATICA LTDA.,POA,6,1995,Sociedade Limitada
35213117486,ACERTE RECURSOS HUMANOS LTDA.,GUARULHOS,6,1995,Sociedade Limitada
35213117494,MANUTEVI PAULISTA COMERCIO E MANUTENCAO DE VIDROS LTDA,SAO PAULO,6,1995,Sociedade Limitada
35213117508,MASTER-FORJA INDUSTRIA E COMERCIO LTDA.,DIADEMA,6,1995,Sociedade Limitada
35213117516,DIMENSAO MASTER INDUSTRIA E COMERCIO LTDA,PINDAMONHANGABA,6,1995,Sociedade Limitada
35213117524,IRMAOS KOREK LTDA,SAO PAULO,6,1995,Sociedade Limitada
35213117532,RBI VIDEO E COMUNICACOES LTDA,SAO JOSE DO RIO PRETO,6,1995,Sociedade Limitada
35213117541,DANLU COMERCIO DE PECAS LTDA.,SAO JOSE DO RIO PRETO,6,1995,Sociedade Limitada
35213117559,BIP SERVICOS ADMINISTRATIVOS LTDA,JANDIRA,6,1995,Sociedade Limitada
35213117567,FOCA COMERCIO DE REFRIGERACAO LTDA,FERNANDOPOLIS,6,1995,Sociedade Limitada
35213117575,RASI COMERCIO DE MATERIAIS DE CONSTRUCAO LTDA,BAURU,6,1995,Sociedade Limitada
35213117583,PRO SUN COMERCIO DE AQUECEDORES LTDA,BAURU,6,1995,Sociedade Limitada
35213117591,VAL - CAMPOS COMERCIAL LTDA,SAO JOSE DOS CAMPOS,6,1995,Sociedade Limitada
35213117605,DALSINI COMERCIAL LTDA.,SAO PAULO,6,1995,Sociedade Limitada
35213117613,LYFE GARDEN SERVICOS ESPECIAIS DE MANUTENCAO E ELTRONICA LTDA.,SAO PAULO,6,1995,Sociedade Limitada
35213117621,"CURIEL E MOREIRA COMERCIO, EQUIPAMENTOS E SERVICOS LTDA.",SAO PAULO,6,1995,Sociedade Limitada
35213117630,PADARIA E CONFEITARIA VILA FLOR LTDA,CAJAMAR,6,1995,Sociedade Limitada
35213117648,BRACOM COMERCIO E IMPORTACAO LTDA.,SAO PAULO,6,1995,Sociedade Limitada
35213117656,TRANSPORTADORA FLORAN LTDA.,PEDREIRA,6,1995,Sociedade Limitada
35213117664,LINFORPEL SUPRIMENTOS E PAPELARIA LTDA.,SAO PAULO,6,1995,Sociedade Limitada
35213117672,IN OUT VIDEO E PRODUCOES LTDA,SAO BERNARDO DO CAMPO,6,1995,Sociedade Limitada
35213117681,CRTC COMERCIO E REPRESENTACOES LTDA,VARGEM GRANDE PAULISTA,6,1995,Sociedade Limitada
35213117699,SUPERPRENE INDUSTRIA E COMERCIO LTDA,SANTO ANDRE,6,1995,Sociedade Limitada
35213117702,CASAZUL AGENCIA DE TURISMO E VIAGENS LTDA,CAPIVARI,6,1995,Sociedade Limitada
35213117711,ROGERMAT MATERIAIS PARA CONSTRUCAO LTDA.,SAO PAULO,6,1995,Sociedade Limitada
35213117729,LOUVEIRA - PAPEIS FILTRANTES LTDA.,LOUVEIRA,6,1995,Sociedade Limitada
35213117737,EX-LIBRIS PUBLICACOES LTDA,SAO PAULO,6,1995,Sociedade Limitada
35213117745,FOZ- CONSULTORIA INFORMATICA LTDA,SAO PAULO,6,1995,Sociedade Limitada
35213117753,MASTER SOM ACESSORIOS LTDA,SAO PAULO,6,1995,Sociedade Limitada
35213117761,IMPERATRIZ & MORENO LTDA,BAURU,6,1995,Sociedade Limitada
35213117770,URBCLEAN COMERCIO DE PRODUTOS QUIMICOS LTDA.,RIBEIRAO PRETO,6,1995,Sociedade Limitada
35213117788,LOREN MODAS LTDA.,SAO PAULO,6,1995,Sociedade Limitada
35213117796,PATYKA FASHION LTDA,SAO PAULO,6,1995,Sociedade Limitada
35213117800,HOLD ELETRO ELETRONICA LTDA,SAO PAULO,6,1995,Sociedade Limitada
35213117818,RKS GESTAO DE NEGOCIOS LTDA,SAO PAULO,6,1995,Sociedade Limitada
35213117826,ARYAMAN ALIMENTOS LTDA.,SAO PAULO,6,1995,Sociedade Limitada
35213117834,CHAMA-LUZ INDUSTRIA E COMERCIO DE VELAS LTDA.,SAO PAULO,6,1995,Sociedade Limitada
35213117842,SELO VERDE COMERCIO E REPRESENTACOES DE ALIMENTOS LTDA,VINHEDO,6,1995,Sociedade Limitada
35213117851,VISAO AUTOMACAO & COMERCIO DE EQUIPAMENTOS LTDA.,TAUBATE,6,1995,Sociedade Limitada
35213117869,3A EMPREENDIMENTOS E PARTICIPACOES LTDA,SAO PAULO,6,1995,Sociedade Limitada
35213117877,FATME FARES ABBAS & CIA LTDA.,SAO PAULO,6,1995,Sociedade Limitada
35213117885,MIX POINT COMERCIO MONTAGEM CONFECCOES LTDA.,SAO PAULO,6,1995,Sociedade Limitada
35213117893,CERIS - COMERCIAL ELETRICA REPRESENTACOES E INTEGRACAO DE SISTEMAS LTDA.,PORTO FERREIRA,6,1995,Sociedade Limitada
35213117907,TRANSMAFED TRANSPORTES LTDA.,SAO PAULO,6,1995,Sociedade Limitada
35213117915,ROIZ E EVANGELISTA LTDA.,SAO CARLOS,6,1995,Sociedade Limitada
35213117923,CAFE FORTES LTDA,SAO PAULO,6,1995,Sociedade Limitada
35213117931,ADEGA 19 DE MAIO LTDA.,BERTIOGA,6,1995,Sociedade Limitada
35213117940,GAFFO INJET PLAST LTDA.,MOGI MIRIM,6,1995,Sociedade Limitada
35213117958,SERRALHERIA BARNSLEY LTDA.,SAO PAULO,6,1995,Sociedade Limitada
35213117966,LINKTRONIC INDUSTRIA E COMERCIO DE PRODUTOS ELETRONICOS LTDA.,SAO BERNARDO DO CAMPO,6,1995,Sociedade Limitada
35213117974,MONDEO DE SANTOS COMERCIO DE VEICULOS E ESCAPAMENTOS ACESSORIO LTDA.,SANTOS,6,1995,Sociedade Limitada
35213117982,KI-POLPA - COMERCIO DE CONGELADOS LTDA.,SANTOS,6,1995,Sociedade Limitada
35213117991,DECORA GESSO COMERCIO E DECORACOES LTDA.,SAO VICENTE,6,1995,Sociedade Limitada
35213118008,SANTARA DISTRIBUIDORA DE ALIMENTOS LTDA.,SANTOS,6,1995,Sociedade Limitada
35213118016,COMERCIO DE CEREAIS NOVA MOGI LTDA.,MOGI DAS CRUZES,6,1995,Sociedade Limitada
35213118024,DROGARIA ONOFRE MORETI LTDA,ITIRAPUA,6,1995,Sociedade Limitada
35213118032,LANCHONETE TREVO DA CARDEAL LTDA.,SAO PAULO,6,1995,Sociedade Limitada
35213118041,CIMPORT COMERCIAL IMPORTADORA E EXPORTADORA LTDA,SAO PAULO,6,1995,Sociedade Limitada
35213118059,TALHER REFEICOES LTDA,SAO PAULO,6,1995,Sociedade Limitada
35213118067,SIBRAIM INDUSTRIA E COMERCIO LTDA.,INDAIATUBA,6,1995,Sociedade Limitada
35213118075,L.V.C. COMERCIO E SERVICO LTDA.,SANTOS,6,1995,Sociedade Limitada
35213118083,CAVALCANTE COMERCIO DE MUDAS LTDA.,PRESIDENTE PRUDENTE,6,1995,Sociedade Limitada
35213118091,BETINI & SILVA LTDA.,VIRADOURO,6,1995,Sociedade Limitada
35213118105,EDED - EDICOES EDUCATIVAS E COMERCIO LTDA,VALINHOS,6,1995,Sociedade Limitada
35213118113,PC INTENSIVE LTDA,SANTO ANDRE,6,1995,Sociedade Limitada
35213118121,SERVILUS SEGURANCA E VIGILANCIA LTDA,SAO PAULO,6,1995,Sociedade Limitada
35213118130,ECRV-ASSESSORIA DE ENGENHARIA LTDA,SAO PAULO,6,1995,Sociedade Limitada
35213118148,MACEDO & SERPA - COMERCIO E SERVICOS LTDA.,JUNDIAI,6,1995,Sociedade Limitada
35213118156,PH - DESIGN GRAFICO LTDA.,SANTANA DE PARNAIBA,6,1995,Sociedade Limitada
35213118164,BENATO PADARIA LTDA,TIMBURI,6,1995,Sociedade Limitada
35213118172,SUPER PARADA AUTO ELETRICO LTDA.,SAO PAULO,6,1995,Sociedade Limitada
35213118181,TCS INFORMATICA LTDA,SAO PAULO,6,1995,Sociedade Limitada
35213118199,ASTEX IMPORTACAO E EXPORTACAO LTDA.,SAO PAULO,6,1995,Sociedade Limitada
35213118202,APOIO DE ARARAQUARA MOVEIS E EQUIPAMENTOS LTDA.,ARARAQUARA,6,1995,Sociedade Limitada
35213118211,WEST POINT COMERCIO DE ARTIGOS TEXTEIS LTDA.,JACUPIRANGA,6,1995,Sociedade Limitada
35213118229,COMERCIO & REPRESENTACOES DE LIVROS J.A LTDA,JACUPIRANGA,6,1995,Sociedade Limitada
35213118237,CIRCULO EMPREENDIMENTOS IMOBILIARIOS LTDA,SAO PAULO,6,1995,Sociedade Limitada
35213118245,OLECRAM COMERCIO DE MAQUINAS E ACESSORIOS LTDA,SAO PAULO,6,1995,Sociedade Limitada
35213118253,PAES E DOCES RENASCER DO SOL LTDA,SAO PAULO,6,1995,Sociedade Limitada
35213118261,M.B.S.CARGO TRANSPORTES INTERNACIONAIS LTDA.,CAMPINAS,6,1995,Sociedade Limitada
35213118270,A. F. AVANCO TRANSPORTADORA LTDA,SAO JOSE DOS CAMPOS,6,1995,Sociedade Limitada
35213118288,DIAS & QUIRINO RETIFICA DE MOTORES DE MOTO LTDA.,POA,6,1995,Sociedade Limitada
35213118296,NIKKEI TORI-PRODUTOS ALIMENTICIOS LTDA,SAO CAETANO DO SUL,6,1995,Sociedade Limitada
35213118300,J.S.A.-COMERCIO DE GENEROS ALIMENTICIOS LTDA,JAU,6,1995,Sociedade Limitada
35213118318,COMERCIAL DIBIPEL LTDA,GUARULHOS,6,1995,Sociedade Limitada
35213118326,TRADEFONE TELECOMUNICACOES LTDA,BARUERI,6,1995,Sociedade Limitada
35213118334,C.C.B CHITAO CESTAS BASICAS LTDA.,EMBU-GUACU,6,1995,Sociedade Limitada
35213118342,APOIO EMPRESARIAL LTDA.,SAO PAULO,6,1995,Sociedade Limitada
35213118351,FORA DO AR CONFECCOES LTDA,SAO BERNARDO DO CAMPO,6,1995,Sociedade Limitada
35213118369,CARETTA COMERCIO E CONFECCAO DE VESTUARIOS LTDA.,SAO PAULO,6,1995,Sociedade Limitada
35213118377,FOCO ZERO CONFECCOES LTDA.,SAO PAULO,6,1995,Sociedade Limitada
35213118385,PAPEL DOBRADO PAPELARIA E LIVRARIA LTDA.,SAO PAULO,6,1995,Sociedade Limitada
35213118393,CONFECCOES MIDRASH LTDA.,SAO PAULO,6,1995,Sociedade Limitada
35213118407,RESTAURANTE DUARTE DO VALE LTDA.,SAO PAULO,6,1995,Sociedade Limitada
35213118415,COISAS BOAS LANCHONETE DE ITU LTDA.,ITU,6,1995,Sociedade Limitada
35213118423,SAN-SIL COMERCIO DE MATERIAIS ELETRICOS E HIDRAULICOS LTDA.,INDAIATUBA,6,1995,Sociedade Limitada
35213118431,T.R.C. VIGILANCIA E SEGURANCA PATRIMONIAL LTDA.,SAO PAULO,6,1995,Sociedade Limitada
35213118440,MONTAEQUI - MONTAGENS E EQUIPAMENTOS LTDA.,CAPAO BONITO,6,1995,Sociedade Limitada
35213118458,AROMA E SAUDE INDUSTRIA E COMERCIO LTDA,SOROCABA,6,1995,Sociedade Limitada
35213118466,DELTA CONSULTORIA E TREINAMENTO LTDA,CAMPO LIMPO PAULISTA,6,1995,Sociedade Limitada
35213118474,ARTE MAIOR SERVICOS GRAFICOS E PUBLICITARIOS LTDA.,PRAIA GRANDE,6,1995,Sociedade Limitada
35213118482,HEDCAM COMERCIAL LTDA.,SAO BERNARDO DO CAMPO,6,1995,Sociedade Limitada
35213118491,TIJOSUL COMERCIO DE MATERIAIS PARA CONSTRUCAO LTDA.,SAO PAULO,6,1995,Sociedade Limitada
35213118504,PAPER E SERVICE COMERCIO DE ARTIGOS DE PAPELARIA LTDA.,SAO PAULO,6,1995,Sociedade Limitada
35213118512,MULT TEXTIL COMERCIO DE TECIDOS LTDA.,SAO CAETANO DO SUL,6,1995,Sociedade Limitada
35213118521,AGRO UNIVERSAL LTDA.,SALTO DE PIRAPORA,6,1995,Sociedade Limitada
35213118539,CASA DA ROCA DE GUAIRA LTDA.,GUAIRA,6,1995,Sociedade Limitada
35213118547,SERRI FACAS INDUSTRIAIS LTDA,BIRIGUI,6,1995,Sociedade Limitada
35213118555,NETCOM COMERCIO E SERVICOS EM INFORMATICA LTDA.,RIBEIRAO PRETO,6,1995,Sociedade Limitada
35213118563,ESTACAO BRASIL CONFECCOES LTDA.,JUNDIAI,6,1995,Sociedade Limitada
35213118571,AUTO POSTO BATE BOLA LTDA.,JUNDIAI,6,1995,Sociedade Limitada
35213118580,NANINI & MEDEIROS LTDA.,ITAPETININGA,6,1995,Sociedade Limitada
35213118598,PROTERRA AMBIENTAL E AGROPECUARIA LTDA,JACAREI,6,1995,Sociedade Limitada
35213118601,MIRANTSAT ANTENAS PARABOLICAS LTDA.,SAO JOSE DOS CAMPOS,6,1995,Sociedade Limitada
35213118610,HOUTER COMERCIO E SERVICOS LTDA.,SAO JOSE DOS CAMPOS,6,1995,Sociedade Limitada
35213118628,HIGASHIAMA & HIGASHIAMA LTDA.,SAO JOSE DOS CAMPOS,6,1995,Sociedade Limitada
35213118636,AIELLO DE CARVALHO SERVICOS ADMINISTRATIVOS LTDA,BAURU,6,1995,Sociedade Limitada
35213118644,AGENCIA TERRA DOS POETASLTDA.,CAPIVARI,6,1995,Sociedade Limitada
35213118652,RENNES CALCADOS INDUSTRIA E COMERCIO LTDA.,BIRIGUI,6,1995,Sociedade Limitada
35213118661,BUFFET INFANTIL AQUARELA KIDS LTDA,SAO PAULO,6,1995,Sociedade Limitada
35213118679,LEIA LIVROS COMERCIO LTDA.,CAMPINAS,6,1995,Sociedade Limitada
35213118687,FARELI TRANSPORTES E SERVICOS LTDA.,SAO PAULO,6,1995,Sociedade Limitada
35213118695,LANCHONETE PURELY LTDA.,SAO PAULO,6,1995,Sociedade Limitada
35213118709,SHMUL INTERNACIONAL IMPORTACAO E EXPORTACAO LTDA.,SAO PAULO,6,1995,Sociedade Limitada
35213118717,MARIA QUITERIA COMERCIO DE CONGELADOS E SALGADOS LTDA,TAUBATE,6,1995,Sociedade Limitada
35213118725,DIA A DIA PERFUMARIA E COSMETICOS LTDA,SAO PAULO,6,1995,Sociedade Limitada
35213118733,CABRELLI ELETRODOMESTICOS LTDA.,PEDREIRA,6,1995,Sociedade Limitada
35213118741,PEDRANIT - GRANITOS E MARMORES LTDA.,MOGI-GUACU,6,1995,Sociedade Limitada
35213118750,CIRUS GUACU COMERCIO DE MOVEIS LTDA,MOGI-GUACU,6,1995,Sociedade Limitada
35213118768,SOCIOS COMERCIO E SERVICOS DE INFORMATICA LTDA.,POA,6,1995,Sociedade Limitada
35213118776,NOSSOLAR -COMERCIO DE MATERIAIS PARA CONSTRUCAO LTDA.,SAO PAULO,6,1995,Sociedade Limitada
35213118784,FAMA-TEC COMERCIO DE IMPRESSORAS E SERVICOS LTDA,SAO PAULO,6,1995,Sociedade Limitada
35213118792,BEDOR INFORMATICA LTDA,SANTO ANDRE,6,1995,Sociedade Limitada
35213118806,ECODA CONSTRUCAO E EMPREENDIMENTOS IMOBILIARIOS LTDA,MOGI DAS CRUZES,6,1995,Sociedade Limitada
35213118814,LOK PRESS COMERCIAL LTDA.,EMBU,6,1995,Sociedade Limitada
35213118822,COMERCIAL 3 F DE MATERIAIS PARA CONSTRUCAO LTDA.,SAO PAULO,6,1995,Sociedade Limitada
35213118831,MUNDIAL ISOLAMENTOS TERMICOS LTDA,SAO PAULO,6,1995,Sociedade Limitada
35213118849,MOSERLIGHT MATERIAIS ELETRICOS LTDA.,DIADEMA,6,1995,Sociedade Limitada
35213118857,CONFECCOES JAROUP LTDA.,SAO PAULO,6,1995,Sociedade Limitada
35213118865,CESTA BASICA BOM APETITE COMERCIO DE PRODUTOS ALIMENTICIOS LTDA.,SAO PAULO,6,1995,Sociedade Limitada
35213118873,CAJATI COMERCIAL E SERVICOSDE TELECOMUNICACOES LTDA.,CAJATI,6,1995,Sociedade Limitada
35213118881,BENSASOLI COMERCIO E MAO DE OBRA LTDA.,PRAIA GRANDE,6,1995,Sociedade Limitada
35213118890,MOURA OURINHOS CALCADOS LTDA.,OURINHOS,6,1995,Sociedade Limitada
35213118903,SAINT RAFAEL REPRESENTACAO COMERCIAL DE CALCADOS LTDA,OURINHOS,6,1995,Sociedade Limitada
35213118911,POINT CENTER SHOPPING JACAREI LTDA,JACAREI,6,1995,Sociedade Limitada
35213118920,GLASS DOG COMERCIO DE RACOES LTDA.,SAO PAULO,6,1995,Sociedade Limitada
35213118938,JD INFORMATICA COMERCIO E SERVICOS LTDA.,SAO PAULO,6,1995,Sociedade Limitada
35213118946,I.N. TRANSLEITE LTDA.,SAO PAULO,6,1995,Sociedade Limitada
35213118954,REDE COMERCIO DE DESCARTAVEIS LTDA.,SOROCABA,6,1995,Sociedade Limitada
35213118962,NETSERV SERVICO ESPECIALIZADO LTDA,JACAREI,6,1995,Sociedade Limitada
35213118971,DONA TICA PAES E DOCES LTDA.,ARUJA,6,1995,Sociedade Limitada
35213118989,ARTE E ESTILO COMERCIAL LTDA,SAO CAETANO DO SUL,6,1995,Sociedade Limitada
35213118997,"GOLDEN CLUB BAR, LANCHONETE, EVENTOS E HOTELARIA LTDA",CAMPINAS,6,1995,Sociedade Limitada
35213119004,NENE LOCACAO DE VEICULOS LTDA.,RIBEIRAO PRETO,6,1995,Sociedade Limitada
35213119012,FRIGODOURO COMERCIAL E ABATE DE ANIMAIS LTDA.,SANTA ROSA DE VITERBO,6,1995,Sociedade Limitada
35213119021,SURF FOUR ROUPAS LTDA.,SOROCABA,6,1995,Sociedade Limitada
35213119039,REY MAR COMERCIO VAREJISTA DE ALIMENTOS LTDA.,ITANHAEM,6,1995,Sociedade Limitada
35213119047,VIDEO E LOCADORA CANAL VINTE E SETE LTDA.,SAO BERNARDO DO CAMPO,6,1995,Sociedade Limitada
35213119055,BETON ENGENHARIA E COMERCIO LTDA,OSVALDO CRUZ,6,1995,Sociedade Limitada
35213119063,KARIBE DISTRIBUIDORA DE CIMENTO LTDA.,JANDIRA,6,1995,Sociedade Limitada
35213119071,CAUI RESTAURANTE LTDA.,SAO PAULO,6,1995,Sociedade Limitada
35213119080,RUBRA VIDEO LTDA,CAMPOS DO JORDAO,6,1995,Sociedade Limitada
35213119098,RETRO FEAS ENGENHARIA E TERRAPLANAGEM LTDA.,JACAREI,6,1995,Sociedade Limitada
35213119101,MANCHESTER ORGANIZACAO FOTOGRAFICA DE TUPA LTDA.,TUPA,6,1995,Sociedade Limitada
35213119110,CASA DE CARNES OLIVEIRA DO JARDIM ACACIO LTDA.,GUARULHOS,6,1995,Sociedade Limitada
35213119128,PAES E DOCES NOSSA SENHORA DA CONCEICAO LTDA.,FRANCISCO MORATO,6,1995,Sociedade Limitada
35213119136,SUPPORTE SERVICOS DE VENDA LTDA.,SAO PAULO,6,1995,Sociedade Limitada
35213119144,PANIFICADORA PAES E DOCES CARLOTA LTDA.,SAO PAULO,6,1995,Sociedade Limitada
35213119152,ARO SUSHI COMERCIO DE ALIMENTOS LTDA.,SAO PAULO,6,1995,Sociedade Limitada
35213119161,OTICA VITTORIA LTDA.,CATANDUVA,6,1995,Sociedade Limitada
35213119179,TECNOV VALVULAS INDUSTRIAIS LTDA,GUARULHOS,6,1995,Sociedade Limitada
35213119187,QUERO QUERO LTDA.,SAO PAULO,6,1995,Sociedade Limitada
35213119195,DEL MASSA & ARAUJO CONFECCOES LTDA.,SAO PAULO,6,1995,Sociedade Limitada
35213119209,EL-SHADAI INSTALACOES ELETRONICAS COMERCIAIS LTDA.,SUZANO,6,1995,Sociedade Limitada
35213119217,FUGGO INDUSTRIA E COMERCIO DE ROUPAS LTDA.,SAO PAULO,6,1995,Sociedade Limitada
35213119225,TF COMERCIO DE ARTEFATOS METALICOS LTDA.,SANTO ANDRE,6,1995,Sociedade Limitada
35213119233,FERMANO CALCADOS LTDA,FRANCA,6,1995,Sociedade Limitada
35213119241,CASA DE ESFIHA MICA LTDA.,SAO PAULO,6,1995,Sociedade Limitada
35213119250,L.A.R. REPRESENTACAO COMERCIAL DE MATERIAIS HOSPITALARES LIMITADA,SAO JOSE DOS CAMPOS,6,1995,Sociedade Limitada
35213119268,W. SOUZA CONFECCOES LTDA.,SAO PEDRO,6,1995,Sociedade Limitada
35213119276,KALLANDA COMERCIO DE CONFECCOES LTDA.,FERNANDOPOLIS,6,1995,Sociedade Limitada
35213119284,BAPTISTA DE CARVALHO BAURU LTDA,BAURU,6,1995,Sociedade Limitada
35213119292,VALUT CONFECCOES LTDA.,ANDRADINA,6,1995,Sociedade Limitada
35213119306,REVISTARIA CHICO ROSA LTDA.,SAO PAULO,6,1995,Sociedade Limitada
35213119314,"PAQUERA-FESTAS,PRODUCOES E EVENTOS LTDA.",SAO PAULO,6,1995,Sociedade Limitada
35213119322,KEMPS CONFECCOES LTDA.,JANDIRA,6,1995,Sociedade Limitada
35213119331,PLAZA COZINHAS ARMARIOS REPRESENTACOES E SERVICOS LTDA.,CAMPINAS,6,1995,Sociedade Limitada
35213119349,JAMAR PRESENTES LTDA.,SAO PAULO,6,1995,Sociedade Limitada
35213119357,EXPRESSAO ASSESSORIA MARKETING IMPORTACAO E EXPORTACAO LTDA.,SAO PAULO,6,1995,Sociedade Limitada
35213119365,PEDRAS PYRACUAMMA COMERCIO LTDA,SAO PAULO,6,1995,Sociedade Limitada
35213119373,ARAUCO INDUSTRIA E COMERCIO DE PLASTICOS E FERRAMENTARIA LTDA.,SAO PAULO,6,1995,Sociedade Limitada
35213119381,WPS PINTURA E SERVICOS AUXILIARES NA CONSTRUCAO CIVIL LTDA,SAO BERNARDO DO CAMPO,6,1995,Sociedade Limitada
35213119390,PPEM COMERCIO E EMPREITEIRA DE OBRAS LTDA.,OSASCO,6,1995,Sociedade Limitada
35213119403,BAZAR E PAPELARIA TAIA LTDA,GUARULHOS,6,1995,Sociedade Limitada
35213119411,PANIFICADORA E CONFEITARIA SABOR DE METAL LTDA,SAO PAULO,6,1995,Sociedade Limitada
35213119420,MERCADINHO CENTRAL DE SAO MATEUS LTDA.,SAO PAULO,6,1995,Sociedade Limitada
35213119438,KUKILA COMERCIO DE COSMETICOS LTDA,SAO PAULO,6,1995,Sociedade Limitada
35213119446,L&A LOGISTICA TRANSPORTES E SERVICOS LTDA,SANTOS,6,1995,Sociedade Limitada
35213119454,NOVAES E REPRESENTACOES LTDA.,PRAIA GRANDE,6,1995,Sociedade Limitada
35213119462,S.ADAM COMUNICACAO E PUBLICIDADE LTDA.,SAO PAULO,6,1995,Sociedade Limitada
35213119471,TOCO INDUSTRIA E COMERCIO LTDA.,SAO PAULO,6,1995,Sociedade Limitada
35213119489,BAU HAUS REPRESENTACOES LTDA.,SAO PAULO,6,1995,Sociedade Limitada
35213119497,SCHTON COMERCIAL LTDA.,SAO PAULO,6,1995,Sociedade Limitada
35213119501,CONFECCOES BORDFIRST LTDA.,SAO PAULO,6,1995,Sociedade Limitada
35213119519,ANHANGUERA COMUNICACOES LTDA.,CAJAMAR,6,1995,Sociedade Limitada
35213119527,PORTO FORTE ARMAZENS GERAIS E TRANSPORTE LTDA.,SANTOS,6,1995,Sociedade Limitada
35213119535,HEALTHY DOG COMERCIO DE PRODUTOS VERERINARIOS LTDA.,SAO PAULO,6,1995,Sociedade Limitada
35213119543,HAROLDO E ZENAIDE CALCADOS LTDA.,SAO PAULO,6,1995,Sociedade Limitada
35213119551,LOREN DIESEL LTDA.,LORENA,6,1995,Sociedade Limitada
35213119560,TANSIL COMERCIO DE TECIDOS LTDA.,SANTA BARBARA D'OESTE,6,1995,Sociedade Limitada
35213119578,ESPACIAL GRAVADORA PRODUCOES E PROMOCOES ARTISTICAS LTDA.,SAO PAULO,6,1995,Sociedade Limitada
35213119586,CK REPRESENTACAO COMERCIAL LTDA.,SAO PAULO,6,1995,Sociedade Limitada
35213119594,SAVI FACTORING FOMENTO COMERCIAL LTDA.,SAO PAULO,6,1995,Sociedade Limitada
35213119608,M. G. - USINAGEM DE PECAS LTDA.,ITU,6,1995,Sociedade Limitada
35213119616,BIORAL INDUSTRIA E COMERCIO LTDA.,MATAO,6,1995,Sociedade Limitada
35213119624,SATYRO FRANCESHINELLI TRANSPORTES LTDA.,ITU,6,1995,Sociedade Limitada
35213119632,DOORI AMERICA TEXTEIS IMPORTACAO E EXPORTACAO LTDA.,SAO PAULO,6,1995,Sociedade Limitada
35213119641,POLYTEC MATERIAIS PARA CONSTRUCAO LTDA.,SAO PAULO,6,1995,Sociedade Limitada
35213119659,FOTO E OTICA JARDIM LTDA,SAO PAULO,6,1995,Sociedade Limitada
35213119667,VIDEO LOCADORA WOLFF CAJAMAR LTDA.,CAJAMAR,6,1995,Sociedade Limitada
35213119675,BAR E LANCHES PITA GYROS LTDA,SAO PAULO,6,1995,Sociedade Limitada
35213119683,PROTTA E SILVA COMERCIO E REPRESENTACAO LTDA,TATUI,6,1995,Sociedade Limitada
35213119691,J. J. C. SILVEIRA & CORO SILVEIRA LTDA.,BROTAS,6,1995,Sociedade Limitada
35213119705,HENRIQUE & OLIVEIRA LTDA,BROTAS,6,1995,Sociedade Limitada
35213119713,T.P.K. INDUSTRIA E COMERCIO IMPORTACAO E EXPOLRTACAO LTDA,SAO PAULO,6,1995,Sociedade Limitada
35213119721,CARMIG-ACESSORIOS PARA AUTOS LTDA.,SAO CARLOS,6,1995,Sociedade Limitada
35213119730,J.L. FREITAS SERVICOS E PINTURAS LTDA.,CAMPO LIMPO PAULISTA,6,1995,Sociedade Limitada
35213119748,CONFECCOES DENGO LTDA.,SAO PAULO,6,1995,Sociedade Limitada
35213119756,CAMALEOA LANCHES LTDA.,SAO PAULO,6,1995,Sociedade Limitada
35213119764,CONSERBAL COMERCIO E SERVICOS DE BALANCAS E MAQUINAS LTDA,CAMPINAS,6,1995,Sociedade Limitada
35213119772,AGILE EXPRESS TRANSPORTES LTDA,SAO PAULO,6,1995,Sociedade Limitada
35213119781,GRUPO STUDIO & ART PRODUCOES REPRESENTACOES E COMERCIO LTDA.,SUZANO,6,1995,Sociedade Limitada
35213119799,PROAS COMERCIO DE ALIMENTOS LTDA.,SAO PAULO,6,1995,Sociedade Limitada
35213119811,ELETRICA E HIDRAULICA CAMPOZAN LTDA.,SAO PAULO,6,1995,Sociedade Limitada
35213119829,JFJ COMERCIO DE MATERIAIS HIDROELETRICOS LTDA,SANTA BARBARA D'OESTE,6,1995,Sociedade Limitada
35213119837,UGAYAMA & FILHOS LTDA,LORENA,6,1995,Sociedade Limitada
35213119845,MR.DINO ALIMENTOS LTDA.,SAO PAULO,6,1995,Sociedade Limitada
35213119853,UNIBANK IMPORTACAO E EXPORTACAO LTDA.,SAO PAULO,6,1995,Sociedade Limitada
35213119861,RUFINIL INDUSTRIA E COMERCIO DE PLASTICOS LTDA.,SAO PAULO,6,1995,Sociedade Limitada
35213119870,DOG HOUSE INDUSTRIA E COMERCIO DE ARTEFATOS DE MADEIRA LTDA,JAU,6,1995,Sociedade Limitada
35213119888,SPALL SISTEMAS DE INFORMACOES LTDA.,SAO CARLOS,6,1995,Sociedade Limitada
35213119896,E.D.T.C. - APOIO ADMINISTRATIVO A EMPRESAS LTDA,SAO PAULO,6,1995,Sociedade Limitada
35213119900,"PRIETO, SILVA DE ITU E CIA. LTDA.",ITU,6,1995,Sociedade Limitada
35213119918,R. P. COMUNICACOES E EVENTOS LTDA,VALINHOS,6,1995,Sociedade Limitada
35213119926,COZINHA DA MAMA MARMITEX LTDA,OURINHOS,6,1995,Sociedade Limitada
35213119934,AUTO SERVICOS E COMERCIO CAR-RILHO LTDA,SAO PAULO,6,1995,Sociedade Limitada
35213119942,ABZI COMERCIAL LTDA.,SAO PAULO,6,1995,Sociedade Limitada
35213119951,K.G. SERVICOS E PARTICIPACOES S/C LTDA.,SAO PAULO,6,1995,Sociedade Limitada
35213119969,"INTERTRADING BRASIL COMERCIO, IMPORTACAO, EXPORTACAO LTDA",JACAREI,6,1995,Sociedade Limitada
35213119977,CASA AUTOMATICA SERRALHERIA LTDA,SOROCABA,6,1995,Sociedade Limitada
35213119985,ESCOLA DE EDUCACAO INFANTIL GOTINHA DE ORVALHO LTDA,SAO PAULO,6,1995,Sociedade Limitada
35213119993,ADRILAN COMERCIO DE CALCADOS LTDA.,SANTA CRUZ DO RIO PARDO,6,1995,Sociedade Limitada
35213120002,N.C.P. COMERCIO DE ALIMENTOS LTDA.,SAO PAULO,6,1995,Sociedade Limitada
35213120011,MONTE CARLO MAGAZINE LTDA.,CAMPINAS,6,1995,Sociedade Limitada
35213120029,SHOPNEUS COMERCIO DE PNEUS E ACESSORIOS DE ARUJA LTDA.,ARUJA,6,1995,Sociedade Limitada
35213120037,M.T. PARAFUSOS E PECAS AUTOMOTIVAS LTDA.,SAO PAULO,6,1995,Sociedade Limitada
35213120045,GEISSER COMERCIO DE COSMETICOS LTDA.,OSASCO,6,1995,Sociedade Limitada
35213120053,EXPRESSO PIZZA LTDA.,SOROCABA,6,1995,Sociedade Limitada
35213120061,N N I & JUNQUEIRA LTDA.,SOROCABA,6,1995,Sociedade Limitada
35213120070,CORTE TALMIZ COMERCIO DE CONFECCOES LTDA.,VALINHOS,6,1995,Sociedade Limitada
35213120088,INDUSTRIA E COMERCIO AKAMINE LTDA.,SAO PAULO,6,1995,Sociedade Limitada
35213120096,BRENU'S SERVICOS DE TRANSPORTES LTDA.,OSASCO,6,1995,Sociedade Limitada
35213120100,SELLER TEC COMERCIAL LTDA,GUARULHOS,6,1995,Sociedade Limitada
35213120118,YAGO COMERCIO DE ROUPAS LTDA.,SAO PAULO,6,1995,Sociedade Limitada
35213120126,CADAH KILO'S REFEICOES LTDA.,SANTOS,6,1995,Sociedade Limitada
35213120134,ADRIANA & CLAUDIA FLOCCO LANCHONETE LTDA,PEDRINHAS PAULISTA,6,1995,Sociedade Limitada
35213120142,SUPREME IMPORTACAO E EXPORTACAO LTDA.,SAO PAULO,6,1995,Sociedade Limitada
35213120151,ZOR COMERCIO E CONFECCAO LTDA,SAO PAULO,6,1995,Sociedade Limitada
35213120169,MODAS E BAZAR SEAVON LTDA.,SAO PAULO,6,1995,Sociedade Limitada
35213120177,SALGATERIA SAO MATEUS LTDA,SAO PAULO,6,1995,Sociedade Limitada
35213120185,BAR E LANCHES AMARA'US LTDA.,SAO PAULO,6,1995,Sociedade Limitada
35213120193,"BAR,RESTAURANTE E LANCHONETE GINZA LTDA",OSASCO,6,1995,Sociedade Limitada
35213120207,IRMAOS MARTINS DOS REIS SERRALHERIA LTDA.,ITANHAEM,6,1995,Sociedade Limitada
35213120215,MYUDA'S CONFECCOES LTDA.,DIADEMA,6,1995,Sociedade Limitada
35213120223,L S COMERCIO E REPRESENTACOES LTDA.,VINHEDO,6,1995,Sociedade Limitada
35213120231,MARRA-FLASH REPRESENTACOES LTDA.,MAIRIPORA,6,1995,Sociedade Limitada
35213120240,ALBATROZ-INDUSTRIA E COMERCIO DE EMBALAGENS LTDA.,SUZANO,6,1995,Sociedade Limitada
35213120258,VIA BRASIL - SERVICOS EMPRESARIAIS LTDA,SAO PAULO,6,1995,Sociedade Limitada
35213120266,U - CAN - 2 BAZAR E PAPELARIA LTDA.,SAO PAULO,6,1995,Sociedade Limitada
35213120274,MERCEARIA H. E. R. LTDA.,SANTO ANDRE,6,1995,Sociedade Limitada
35213120282,FENIX-COMERCIO DE MATERIAIS DE ESCRITORIOS E SUPRIMENTOS PARA INFORMATICA LTDA,SAO BERNARDO DO CAMPO,6,1995,Sociedade Limitada
35213120291,BRIMAR COMERCIO DE GENEROS ALIMENTICIOS LTDA,SAO PAULO,6,1995,Sociedade Limitada
35213120304,CONESUL TRANSPORTES LTDA.,SAO BERNARDO DO CAMPO,6,1995,Sociedade Limitada
35213120312,DANRLEY LANCHONETE LTDA.,SAO PAULO,6,1995,Sociedade Limitada
35213120321,ARICETTI & ARICETTI LTDA.,ITAPIRA,6,1995,Sociedade Limitada
35213120339,EMPORIUM DE ALIMENTOS JCL LTDA.,TABOAO DA SERRA,6,1995,Sociedade Limitada
35213120347,LIVERPOOL ESQUADRIAS DE ALUMINIO LTDA,SAO PAULO,6,1995,Sociedade Limitada
35213120355,MARCOS RODRIGUES PEREIRA & PEREIRA LTDA.,CESARIO LANGE,6,1995,Sociedade Limitada
35213120363,J.S.K. TRANSPORTES LTDA.,TATUI,6,1995,Sociedade Limitada
35213120371,WSW - COMERCIO E REPRESENTACOES CATANDUVA LTDA.,CATANDUVA,6,1995,Sociedade Limitada
35213120380,LCB VIAGENS E TURISMO LTDA,SAO CARLOS,6,1995,Sociedade Limitada
35213120398,RECOM COMERCIO E REPRESENTACOES IBATE LTDA,IBATE,6,1995,Sociedade Limitada
35213120401,AUTO PECAS CRUZ & SIMOES LTDA.,SAO CARLOS,6,1995,Sociedade Limitada
35213120410,BIG HOUSE DANCAS BAR LTDA.,DRACENA,6,1995,Sociedade Limitada
35213120428,MECHELIN & PEREIRA LTDA.,PONTAL,6,1995,Sociedade Limitada
35213120436,PROTAC TRANSPORTES LTDA.,BEBEDOURO,6,1995,Sociedade Limitada
35213120444,POASON COIFFER ESCOLA DE CABELEIREIROS LTDA.,PRAIA GRANDE,6,1995,Sociedade Limitada
35213120452,JULIDORI COMERCIAL LTDA.,SAO BERNARDO DO CAMPO,6,1995,Sociedade Limitada
35213120461,SOLDEX COMERCIO DE SOLDAS LTDA.,SAO BERNARDO DO CAMPO,6,1995,Sociedade Limitada
35213120479,FABIO MARADEI ASSESSORIA DE COMUNICACAO LTDA.,SANTOS,6,1995,Sociedade Limitada
35213120487,SUSSAN GAMES LOCACAO E COMERCIO LTDA.,SAO PAULO,6,1995,Sociedade Limitada
35213120495,ZUTI TRANSPORTES LTDA.,SAO BERNARDO DO CAMPO,6,1995,Sociedade Limitada
35213120509,EBEELE COMERCIO DE LIVROS E APOSTILAS LTDA.,SAO PAULO,6,1995,Sociedade Limitada
35213120517,SOLITRANS - TRANSPORTES E SERVICOS LTDA.,SAO CAETANO DO SUL,6,1995,Sociedade Limitada
35213120525,MATTOS & CERRI COMERCIO DE MADEIRA LTDA.,SAO SEBASTIAO DA GRAMA,6,1995,Sociedade Limitada
35213120533,PASTORELLO & ZORZO TRATAMENTO DE SUPERFICIE LTDA,LIMEIRA,6,1995,Sociedade Limitada
35213120541,BOZZA & GONCALVES LTDA.,LIMEIRA,6,1995,Sociedade Limitada
35213120550,TRANSPORTADORA TRANS-HORTO LTDA.,SAO VICENTE,6,1995,Sociedade Limitada
35213120576,COMERCIAL CESAR & CESAR LTDA.,BEBEDOURO,6,1995,Sociedade Limitada
35213120584,BRILHO - GRAFICA E SERIGRAFIA LTDA,LEME,6,1995,Sociedade Limitada
35213120592,POMPONIO COMERCIO DE PRODUTOS ALIMENTICIOS LTDA.,SAO CARLOS,6,1995,Sociedade Limitada
35213120606,KANON PERFUMARIA E COSMETICOS LTDA.,SAO PAULO,6,1995,Sociedade Limitada
35213120614,VIANNA E BOARO LTDA,MOCOCA,6,1995,Sociedade Limitada
35213120622,SAINT GERMAIN INDUSTRIA E COMERCIO LTDA,JAU,6,1995,Sociedade Limitada
35213120631,REINIG & REINIG LTDA.,CABREUVA,6,1995,Sociedade Limitada
35213120649,ACONCHEGO MOTEL BAR E LANCHONETE LTDA,DOIS CORREGOS,6,1995,Sociedade Limitada
35213120657,MARCENARIA ART MOVEIS DE LINS LTDA,LINS,6,1995,Sociedade Limitada
35213120665,POSTO PROCOPIO DE ARARAQUARA LTDA,ARARAQUARA,6,1995,Sociedade Limitada
35213120673,BOCALON & TRONTO LTDA.,SERTAOZINHO,6,1995,Sociedade Limitada
35213120681,B.B.M. INDUSTRIA E COMERCIO DE MOVEIS LTDA.,VOTUPORANGA,6,1995,Sociedade Limitada
35213120690,TAIYA - CENTRO AUTOMOTIVO LTDA.,SAO PAULO,6,1995,Sociedade Limitada
35213120703,"BAR,CAFE E TEATRO ORION LTDA.",SAO PAULO,6,1995,Sociedade Limitada
35213120711,TRES IRMAOS MOTOS LTDA.,SAO PAULO,6,1995,Sociedade Limitada
35213120720,LIK COMIDA CHINESA LTDA.,MOGI DAS CRUZES,6,1995,Sociedade Limitada
35213120738,N2 INFORMATICA LTDA.,SAO PAULO,6,1995,Sociedade Limitada
35213120746,SANNY'S ARTIGOS PARA PRESENTES E DECORACAO LTDA,SAO JOSE DOS CAMPOS,6,1995,Sociedade Limitada
35213120754,DROGA FARMAJU LTDA,SAO PAULO,6,1995,Sociedade Limitada
35213120762,TELHAO VINTE E NOVE MATERIAIS DE CONSTRUCAO LTDA.,SAO PAULO,6,1995,Sociedade Limitada
35213120771,CENTER CARNES JUNIOR LTDA,GUARULHOS,6,1995,Sociedade Limitada
35213120789,PAT & ROB VIDEO LOCADORA LTDA.,SAO PAULO,6,1995,Sociedade Limitada
35213120797,ESTRELA-MUSIC PROMOCOES E EDICOES LTDA.,SAO PAULO,6,1995,Sociedade Limitada
35213120801,TAFNER & KAPOR LTDA.,SERRA NEGRA,6,1995,Sociedade Limitada
35213120819,OLIVEL - COMERCIO DE PECAS E ASSESSORIOS LTDA.,OSASCO,6,1995,Sociedade Limitada
35213120835,ZUPO COMERCIO E DISTRIBUIDORA LTDA.,OURINHOS,6,1995,Sociedade Limitada
35213120843,SHUN LIANG IMPORTADORA E EXPORTADORA LTDA.,OURINHOS,6,1995,Sociedade Limitada
35213120851,ACOS COIMBRA COMERCIAL LTDA.,SAO PAULO,6,1995,Sociedade Limitada
35213120860,C. Z. COMERCIO DE BEBIDAS LTDA.,SAO PAULO,6,1995,Sociedade Limitada
35213120878,SUPER SACOLAO SACOLA CHEIA LTDA.,SAO PAULO,6,1995,Sociedade Limitada
35213120886,J.GOMES TRANSPORTES DE CARGAS LTDA.,SAO PAULO,6,1995,Sociedade Limitada
35213120894,PAES E DOCES RAINHA DA PONTE GRANDE LTDA.,GUARULHOS,6,1995,Sociedade Limitada
35213120908,EMOBRAC COMERCIO E SERVICOS LTDA.,SAO JOSE DOS CAMPOS,6,1995,Sociedade Limitada
35213120916,CARNEVALLI COMERCIO E LOCACAO DE BENS MOVEIS LTDA.,SAO JOSE DOS CAMPOS,6,1995,Sociedade Limitada
35213120924,MP COMERCIO E SERVICOS DE COMPUTACAO LTDA,MOGI GUACU,6,1995,Sociedade Limitada
35213120932,ELEUTERIO E SANTOS MOGI GUACU LTDA.,MOGI-GUACU,6,1995,Sociedade Limitada
35213120941,FAIRY GLEAM COMERCIO E REPRESENTACOES LTDA,SAO PAULO,6,1995,Sociedade Limitada
35213120959,C.T.L. MANUTENCAO PREDIAL LTDA.,SAO PAULO,6,1995,Sociedade Limitada
35213120967,LUMA LANGERRIE LTDA.,SAO PAULO,6,1995,Sociedade Limitada
35213120975,TRANSPORTE CALGE LTDA.,SAO PAULO,6,1995,Sociedade Limitada
35213120983,FLAMAR INDUSTRIA E COMERCIO DE METAIS LTDA.,SAO PAULO,6,1995,Sociedade Limitada
35213120991,SONIA ABRANTES CONFECCOES LTDA.,SAO PAULO,6,1995,Sociedade Limitada
35213121009,VINHETRUCKS COMERCIO DE PECAS E SERVICOS LTDA.,VINHEDO,6,1995,Sociedade Limitada
35213121017,"PASCHOALETI, RICCIARDI E CIA LTDA.",OLIMPIA,6,1995,Sociedade Limitada
35213121025,CASSUNUNGA & NASCIMENTO LTDA,SAO CARLOS,6,1995,Sociedade Limitada
35213121033,CENTERVENDAS CONSULTORIA DE MARKETING E VENDAS LTDA.,SAO PAULO,6,1995,Sociedade Limitada
35213121041,LEUGIM COMERCIAL LTDA.,RIBEIRAO PRETO,6,1995,Sociedade Limitada
35213121050,SAUDE-EDITORA LTDA,SAO PAULO,6,1995,Sociedade Limitada
35213121068,"LM-MONTAGENS, MANUTENCAO E COMERCIO DE EQUIPAMENTOS INDUSTRIAIS LTDA",SAO PAULO,6,1995,Sociedade Limitada
35213121076,ADEGA HENRIQUE SCHAUMANN LTDA.,SAO PAULO,6,1995,Sociedade Limitada
35213121084,FELAMECO COMERCIO ATACADISTA DE METAIS LTDA,SAO PAULO,6,1995,Sociedade Limitada
35213121092,ART FINAL COMERCIO E INDUSTRIA DE MADEIRA LTDA.,GUARULHOS,6,1995,Sociedade Limitada
35213121106,TIMBUI FAST FOOD BAR LTDA.,SAO PAULO,6,1995,Sociedade Limitada
35213121114,SERV FESTA SAO JUDAS TADEU LTDA,SAO JOSE DO RIO PRETO,6,1995,Sociedade Limitada
35213121122,CELUMI LUBRIFICANTES INDUSTRIAIS LTDA.,DIADEMA,6,1995,Sociedade Limitada
35213121131,ALANA SEG LTDA.,SAO PAULO,6,1995,Sociedade Limitada
35213121149,SWAN TOYS INDUSTRIA E COMERCIO LTDA.,ITU,6,1995,Sociedade Limitada
35213121157,ROSA REGGIA PROPAGANDA E MARKETING LTDA.,CAMPINAS,6,1995,Sociedade Limitada
35213121165,F. B. LOCACAO TECNICA COMERCIAL LTDA.,SAO PAULO,6,1995,Sociedade Limitada
35213121173,MD CONFECCAO DE ROUPAS LTDA,SAO PAULO,6,1995,Sociedade Limitada
35213121181,PEGUINI COMERCIO DE ARTIGOS PARA LIMPEZA LTDA.,RIBEIRAO PRETO,6,1995,Sociedade Limitada
35213121190,ELBE TRANSPORTES LTDA.,SAO PAULO,6,1995,Sociedade Limitada
35213121211,SABOR MINEIRO COMERCIO DE FRIOS E LATICINIOS LTDA.,SAO PAULO,6,1995,Sociedade Limitada
35213121220,RODRIGUES & MARCONDES - EMPREENDIMENTOS E PARTICIPACOES LTDA.,JUNDIAI,6,1995,Sociedade Limitada
35213121238,SANSERVIN COMERCIO E REPRESENTACOES LTDA.,SAO PAULO,6,1995,Sociedade Limitada
35213121246,CARRASCO E CARRASCO LTDA.,SAO PAULO,6,1995,Sociedade Limitada
35213121254,LOPES & AMORIM LANCHONETE LTDA.,ITAPETININGA,6,1995,Sociedade Limitada
35213121262,NOVA BANDEIRANTES DEPOSITO DE MATERIAIS PARA CONSTRUCAO LTDA.,SAO PAULO,6,1995,Sociedade Limitada
35213121271,RB REACTION GRAFICA E SERVICOS DE INFORMATICA LTDA.,SAO PAULO,6,1995,Sociedade Limitada
35213121289,B.T. TRANSPORTES E MUDANCAS LTDA.,SAO PAULO,6,1995,Sociedade Limitada
35213121297,AMARAL E NERE DECORACOES LTDA.,SAO PAULO,6,1995,Sociedade Limitada
35213121301,A.C.F. TROVO & TROVO LTDA,JABORANDI,6,1995,Sociedade Limitada
35213121319,INTERAGE CURSOS PREPARATORIOS E COMERCIO DE MATERIAL DIDATICO LTDA,SAO PAULO,6,1995,Sociedade Limitada
35213121327,RE GUARULHOS COMERCIAL LTDA,GUARULHOS,6,1995,Sociedade Limitada
35213121335,LOTUS EQUIPAMENTOS DE SEGURANCA LTDA.,SAO PAULO,6,1995,Sociedade Limitada
35213121343,SERCOM-REPRESENTACOES COMERCIAIS LTDA,SAO PAULO,6,1995,Sociedade Limitada
35213121351,CONFECCOES ANO ZERO LTDA,TIETE,6,1995,Sociedade Limitada
35213121360,COMERCIO DE PECAS MORELO & PIMENTA LTDA,OLIMPIA,6,1995,Sociedade Limitada
35213121378,IMPERCAP ENGENHARIA E COMERCIO LTDA.,RIO CLARO,6,1995,Sociedade Limitada
35213121386,SUCOCAMP INDUSTRIA E COMERCIO DE SUCOS LTDA,CAMPINAS,6,1995,Sociedade Limitada
35213121394,TIA NININHA REFEICOES CASEIRAS LTDA.,SAO PAULO,6,1995,Sociedade Limitada
35213121408,MONTE SINAI CORRETORA DE SEGUROS LTDA.,SAO PAULO,6,1995,Sociedade Limitada
35213121416,MEDICINALLIS COSMETICS COMERCIO LTDA.,SAO JOSE DO RIO PRETO,6,1995,Sociedade Limitada
35213121424,GAYA MERCADINHO LTDA,EMBU,6,1995,Sociedade Limitada
35213121432,DROGARIA SAO CRISTOVAO BIRIGUI LTDA.,BIRIGUI,6,1995,Sociedade Limitada
35213121441,COLT CALCADOS LTDA.,SAO VICENTE,6,1995,Sociedade Limitada
35213121459,AR - ASSISTENCIA TECNICA E MATERIAIS ELETRICOS RAMOS LTDA,OSASCO,6,1995,Sociedade Limitada
35213121467,CONFECCOES LODERRO LTDA.,SAO PAULO,6,1995,Sociedade Limitada
35213121475,CENTER COPIAS ARARAQUARA LTDA.,ARARAQUARA,6,1995,Sociedade Limitada
35213121483,WPV SUPORTE EM FINANCIAMENTOS EM GERAL LTDA,SAO PAULO,6,1995,Sociedade Limitada
35213121491,DELLA MARTA & MARTA LTDA.,ITATIBA,6,1995,Sociedade Limitada
35213121505,DAMA COMERCIO DE SEMI JOIAS LTDA.,SAO JOSE DO RIO PRETO,6,1995,Sociedade Limitada
35213121513,JOSE CASSARO SOBRINHO & CIA LTDA.,SANTA ADELIA,6,1995,Sociedade Limitada
35213121521,VIA TORINO INDUSTRIA E COMERCIO DE CALCADOS LTDA.,JAU,6,1995,Sociedade Limitada
35213121530,DOM HENRIQUE BAR E LANCHONETE LTDA.,SAO PAULO,6,1995,Sociedade Limitada
35213121548,M & F COMERCIO DE ROUPAS E ACESSORIOS LTDA.,SAO PAULO,6,1995,Sociedade Limitada
35213121556,COPREM COMERCIO DE PRE ESTAMPADOS DE METAIS LTDA,SAO PAULO,6,1995,Sociedade Limitada
35213121564,DDS PRODUTOS ODONTOLOGICOS LTDA.,COTIA,6,1995,Sociedade Limitada
35213121572,K.S.D. COMERCIO DE IMPORTACAO E EXPORTACAO DE ARMARINHOS EM GERAL LTDA.,SAO PAULO,6,1995,Sociedade Limitada
35213121581,G.E. MARMITEX LTDA.,SAO PAULO,6,1995,Sociedade Limitada
35213121599,HARMONIA DISTRIBUIDORA DE PRODUTOS ALIMENTICIOS LTDA,SAO PAULO,6,1995,Sociedade Limitada
35213121602,ONE WAY MODAS LTDA,COSMOPOLIS,6,1995,Sociedade Limitada
35213121611,W.S. COMERCIAL DE MAQUINA LTDA.,COSMOPOLIS,6,1995,Sociedade Limitada
35213121629,RAMOS & RAMOS LTDA.,LIMEIRA,6,1995,Sociedade Limitada
35213121637,CARNEVALLI E FERNANDES LTDA.,MARILIA,6,1995,Sociedade Limitada
35213121645,D.A.D. SYSTEM INFORMATIC LTDA.,SAO VICENTE,6,1995,Sociedade Limitada
35213121653,V.A. DE ABREU & CIA. LTDA.,PRAIA GRANDE,6,1995,Sociedade Limitada
35213121661,COMERCIO DE CESTAS BASICAS BEZERRA LTDA.,SAO JOSE DO RIO PRETO,6,1995,Sociedade Limitada
35213121670,ELO RIO PRETO TRANSPORTES LTDA.,SAO JOSE DO RIO PRETO,6,1995,Sociedade Limitada
35213121688,SHOPPING TINTAS LTDA.,SAO JOSE DO RIO PRETO,6,1995,Sociedade Limitada
35213121696,KAORI INDUSTRIA ALIMENTICIA LTDA.,SAO JOSE DO RIO PRETO,6,1995,Sociedade Limitada
35213121700,RSM COMERCIO DE PAPEIS LTDA.,SAO PAULO,6,1995,Sociedade Limitada
35213121718,GENOA LOTERIAS LTDA.,SAO PAULO,6,1995,Sociedade Limitada
35213121726,CADIMA DIAS & CIA. LTDA.,TREMEMBE,6,1995,Sociedade Limitada
35213121734,RC CONFECCAO DE COSMOPOLIS LTDA.,COSMOPOLIS,6,1995,Sociedade Limitada
35213121742,CENTRO DE CIENCIA DA NATUREZA LTDA.,CAMPINAS,6,1995,Sociedade Limitada
35213121751,F.R.M. LANCHES E ROTISSERIA LTDA.,JACAREI,6,1995,Sociedade Limitada
35213121769,VERTICAL DE BAURU CONSTRUCOES LTDA.,BAURU,6,1995,Sociedade Limitada
35213121777,FATURA COMERCIAL LTDA.,MARILIA,6,1995,Sociedade Limitada
35213121785,C.M.L. BRASMAD LTDA.,SAO PAULO,6,1995,Sociedade Limitada
35213121793,AETHRA INDUSTRIA E COMERCIO DE MOVEIS LTDA.,MOGI-MIRIM,6,1995,Sociedade Limitada
35213121807,FERREIRA DE MELLO MAQUINAS E EQUIPAMENTOS AGRICOLAS LTDA,MOGI-MIRIM,6,1995,Sociedade Limitada
35213121815,PEGUI PISOS E REVESTIMENTOS LTDA.,GUARULHOS,6,1995,Sociedade Limitada
35213121823,CENTRO AUTOMOTIVO BARCELONA LTDA,SAO PAULO,6,1995,Sociedade Limitada
35213121831,LIBAR MOVEIS E DECORACOES LTDA.,SAO PAULO,6,1995,Sociedade Limitada
35213121840,SUCOVIN COMERCIO E REPRESENTACOES LTDA.,VINHEDO,6,1995,Sociedade Limitada
35213121858,NICOLIN & LIRA LTDA,IACANGA,6,1995,Sociedade Limitada
35213121866,TRANSPORTADORA JH DE PIRAPOZINHO LTDA.,PIRAPOZINHO,6,1995,Sociedade Limitada
35213121874,SUPERMERCADO F.S.J. LTDA.,JANDIRA,6,1995,Sociedade Limitada
35213121882,BRUGALU - COMERCIO DE PRODUTOS ALIMENTICIOS LTDA.,SAO PAULO,6,1995,Sociedade Limitada
35213121891,CIMERIA MUSCULACAO LTDA.,SAO PAULO,6,1995,Sociedade Limitada
35213121904,VIJAK MODAS LTDA.,SAO CARLOS,6,1995,Sociedade Limitada
35213121912,PANIFICADORA LIRIO DOS VALES LTDA.,GUARULHOS,6,1995,Sociedade Limitada
35213121921,FORTACO FERRO E ACO ESPECIAIS LTDA.,SAO PAULO,6,1995,Sociedade Limitada
35213121939,PARATODOS AMPARO LANCHES LTDA.,AMPARO,6,1995,Sociedade Limitada
35213121947,SACARIA ZUA MINEIRA LTDA.,SAO PAULO,6,1995,Sociedade Limitada
35213121955,RAMARI AQUILA COMERCIO DE SUPLEMENTOS ALIMENTARES LTDA,SANTO ANDRE,6,1995,Sociedade Limitada
35213121963,GABRILLI & CIA LTDA.,GUARULHOS,6,1995,Sociedade Limitada
35213121971,COMERCIAL ESTILO BRINQUEDOS LTDA,SAO PAULO,6,1995,Sociedade Limitada
35213121980,PEC - MAQ PEC - FORMAS INDUSTRIA E COMERCIO LTDA.,SAO PAULO,6,1995,Sociedade Limitada
35213121998,ELUTA COMERCIO DE MATERIAIS PARA CONSTRUCAO LTDA.,SAO PAULO,6,1995,Sociedade Limitada
35213122005,IRFEG COMERCIAL LTDA.,SAO PAULO,6,1995,Sociedade Limitada
35213122013,EMPORIO PAULISTA DE PLANTAS ORNAMENTAIS LTDA.,SAO PAULO,6,1995,Sociedade Limitada
35213122021,BAR E LANCHONETE GIRA'SOL LTDA.,SAO PAULO,6,1995,Sociedade Limitada
35213122030,JJS PECAS E TORNEARIA LTDA,GUARULHOS,6,1995,Sociedade Limitada
35213122048,KEPS MATERIAIS PARA CONSTRUCOES LTDA.,SAO PAULO,6,1995,Sociedade Limitada
35213122056,IRTRON COMERCIO E SERVICOS DE ELETRO-ELETRONICOS LTDA,SAO PAULO,6,1995,Sociedade Limitada
35213122072,JOAN ARTES GRAFICAS LTDA,SAO PAULO,6,1995,Sociedade Limitada
35213122081,CONFECCOES CITY ONE IMPORTACAO E EXPORTACAO LTDA.,SAO PAULO,6,1995,Sociedade Limitada
35213122099,CONSULT SYSTEM COMERCIO E SERVICOS LTDA.,SAO PAULO,6,1995,Sociedade Limitada
35213122102,PRESS SHOP COMERCIO E REPRESENTACOES LTDA.,SAO PAULO,6,1995,Sociedade Limitada
35213122111,PAPELARIA E LIVRARIA EVANGELICA RECANTO GOSPEL LTDA,SAO PAULO,6,1995,Sociedade Limitada
35213122129,TOSHIMITSU LAVA RAPIDO LTDA.,TABOAO DA SERRA,6,1995,Sociedade Limitada
35213122137,CAMARGOS ARTIGOS PARA PESCA LTDA.,GUARULHOS,6,1995,Sociedade Limitada
35213122145,FASE FINAL ACABAMENTOS LTDA.,SAO PAULO,6,1995,Sociedade Limitada
35213122153,M.F. EMPREENDIMENTOS LTDA.,SAO PAULO,6,1995,Sociedade Limitada
35213122161,PAWEMA COMERCIO E PARTICIPACOES LTDA.,ITIRAPINA,6,1995,Sociedade Limitada
35213122170,1.001 COMERCIO DE TECIDOS LTDA.,SANTO ANDRE,6,1995,Sociedade Limitada
35213122188,COLTRO & COLTRO DISTRIBUIDORA DE PRODUTOS ALIMENTICIOS LTDA,SUMARE,6,1995,Sociedade Limitada
35213122196,DUOGRAF - GRAFICA E EDITORA LTDA,SAO PAULO,6,1995,Sociedade Limitada
35213122200,CAVIGUI REPRESENTACOES LTDA,SAO PAULO,6,1995,Sociedade Limitada
35213122218,ESCOLA DE EDUCACAO INFANTIL PORTO SEGURO LTDA.,SAO PAULO,6,1995,Sociedade Limitada
35213122234,BRNESS SEGURANCA PESSOAL E PATRIMONIAL LTDA,SAO PAULO,6,1995,Sociedade Limitada
35213122242,INTERNET VIDEO COMERCIAL LTDA.,SAO PAULO,6,1995,Sociedade Limitada
35213122251,BELMAREN MATERIAIS PARA CONSTRUCOES LTDA.,SAO PAULO,6,1995,Sociedade Limitada
35213122269,ARTE CIDADE PRODUCOES ARTITISCAS E ENTRETENIMENTOS LTDA.,SAO PAULO,6,1995,Sociedade Limitada
35213122277,NEHACE-INDUSTRIA E COMERCIO E CONFECCOES ARTIGOS DE TECIDOS E ARMARINHOS LTDA.,SAO PAULO,6,1995,Sociedade Limitada
35213122285,MASTER DIAGNOSTICA PRODUTOS LABORATORIAIS E HOSPITALARES LTDA.,SAO PAULO,6,1995,Sociedade Limitada
35213122293,JOAA IMPORTACAO E EXPORTACAO LTDA.,VINHEDO,6,1995,Sociedade Limitada
35213122307,"CENTRAL ALBUNS INDUSTRIA, COMERCIO, IMPORTACAO E EXPORTACAO LTDA.",SANTO ANDRE,6,1995,Sociedade Limitada
35213122315,TRANS WAVAS LTDA.,JUNDIAI,6,1995,Sociedade Limitada
35213122323,REACOES CLAUDIA SAGGIO LTDA.,SAO PAULO,6,1995,Sociedade Limitada
35213122331,PESQUEIRO NASCER DO SOL LTDA.,SANTA ISABEL,6,1995,Sociedade Limitada
35213122340,CONFECCOES DE ROUPAS TEI LTDA.,SAO PAULO,6,1995,Sociedade Limitada
35213122358,ORNATUM PRESENTES LTDA,SAO JOAO DA BOA VISTA,6,1995,Sociedade Limitada
35213122366,BONBONNIERE E SORVETERIA DOCE SENTIDO LTDA.,GUARULHOS,6,1995,Sociedade Limitada
35213122374,VISOTEX INDUSTRIA E COMERCIO DE ENXOVAIS LTDA,IBITINGA,6,1995,Sociedade Limitada
35213122382,SOUZA & LOURENCO DE FRANCA LTDA.,FRANCA,6,1995,Sociedade Limitada
35213122391,ALENCAR & SANTOS LTDA.,PIRACICABA,6,1995,Sociedade Limitada
35213122404,CONSTRUPIRA - EMPREITA E COMERCIO LTDA.,PIRACICABA,6,1995,Sociedade Limitada
35213122412,CAMPACCI & CIA. LTDA.,PIRACICABA,6,1995,Sociedade Limitada
35213122421,AUTO POSTO SABIA BAURU LTDA.,BAURU,6,1995,Sociedade Limitada
35213122439,LEVEL ONE REDES LOCAIS LTDA.,SANTO ANDRE,6,1995,Sociedade Limitada
35213122447,HULLA-HEL COMERCIO DE ROUPAS LTDA.,SANTOS,6,1995,Sociedade Limitada
35213122455,OLARIA JUMIRIM LTDA.,JUMIRIM,6,1995,Sociedade Limitada
35213122463,MERCADINHO IRMAS SILVA SANTOS LTDA.,DIADEMA,6,1995,Sociedade Limitada
35213122471,PIO RECUPERADORA LTDA.,PRESIDENTE PRUDENTE,6,1995,Sociedade Limitada
35213122480,ANATHE MODAS LTDA.,SAO PAULO,6,1995,Sociedade Limitada
35213122498,SD REPRESENTACOES COMERCIAIS LTDA.,SAO PAULO,6,1995,Sociedade Limitada
35213122501,MIARAMELO PIZZARIA LTDA.,CAMPINAS,6,1995,Sociedade Limitada
35213122510,WANOR INDUSTRIA COMERCIO IMPORTACAO EXPORTACAO LTDA,MOGI MIRIM,6,1995,Sociedade Limitada
35213122528,QUARTER CONSTRUCOES LTDA,SAO PAULO,6,1995,Sociedade Limitada
35213122536,CAUNAKA COMERCIO DE MATERIAIS DE CONSTRUCAO LTDA.,SAO SEBASTIAO,6,1995,Sociedade Limitada
35213122544,DANTAS & SANTOS LTDA.,JUNQUEIROPOLIS,6,1995,Sociedade Limitada
35213122552,LAIR TRANSPORTES LTDA.,GUARACI,6,1995,Sociedade Limitada
35213122561,ELETROVATTI MAQUINAS DE SOLDA LTDA.,MATAO,6,1995,Sociedade Limitada
35213122579,BAPTISTA BAZAR E PAPELARIA LTDA.,SAO PAULO,6,1995,Sociedade Limitada
35213122587,TRANSTEMP RECURSOS HUMANOS LTDA.,SAO PAULO,6,1995,Sociedade Limitada
35213122595,CHAGU REPRESENTACOES LTDA.,SAO PAULO,6,1995,Sociedade Limitada
35213122609,ROAD-CAR VEICULOS LTDA.,SAO PAULO,6,1995,Sociedade Limitada
35213122617,"SEMAC-SERVICO DE ENGENHARIA, MANUTENCAO E ASSESSORIA COMERCIAL LTDA.",SAO PAULO,6,1995,Sociedade Limitada
35213122625,ROB VIT CENTRO AUTOMOTIVO LTDA.,SAO PAULO,6,1995,Sociedade Limitada
35213122633,ESPACO ZERO GALERIA DE ARTE LTDA.,SAO PAULO,6,1995,Sociedade Limitada
35213122641,MCR SOLUCOES EM TECNOLOGIAS DE INFORMACOES LTDA.,SAO PAULO,6,1995,Sociedade Limitada
35213122650,CHAVES & CANDIDO LTDA.,MONTE ALTO,6,1995,Sociedade Limitada
35213122668,NEUCLAIR-IMPLEMENTOS E MAQUINAS AGRICOLAS LTDA,MONTE ALTO,6,1995,Sociedade Limitada
35213122676,KIVOLT AUTO ELETRICO LTDA.,SAO PAULO,6,1995,Sociedade Limitada
35213122684,G.E.M. MONTAGENS DE BATERIAS LTDA.,DIADEMA,6,1995,Sociedade Limitada
35213122692,DELICIAS COLMEIA PANIFICACAO E CONFEITARIA LTDA.,SABINO,6,1995,Sociedade Limitada
35213122706,ELPIM COMERCIAL DE ALIMENTOS LTDA.,SAO BERNARDO DO CAMPO,6,1995,Sociedade Limitada
35213122714,ANCI COMERCIO DE CALCADOS LTDA.,BARRA BONITA,6,1995,Sociedade Limitada
35213122722,CLIMAPRESS SERVICOS DE AR CONDICIONADO LTDA.,SAO PAULO,6,1995,Sociedade Limitada
35213122731,BAR DO PESCADOR E BOIADEIRO LTDA.,SAO PAULO,6,1995,Sociedade Limitada
35213122749,COMERCIAL E DISTRIBUIDORA AQUINO LTDA.,SAO PAULO,6,1995,Sociedade Limitada
35213122757,FAIRWAY FABRICA OSASCO DE FILAMENTOS LTDA.,OSASCO,6,1995,Sociedade Limitada
35213122765,DYSTAR LTDA.,SAO PAULO,6,1995,Sociedade Limitada
35213122773,SEGH INDUSTRIA E COMERCIO LTDA.,SAO PAULO,6,1995,Sociedade Limitada
35213122781,T.I. MODAS CALCADOS E ACESSORIOS LTDA.,SAO PAULO,6,1995,Sociedade Limitada
35213122790,COLAIAS GESTAO DE PESSOAL LTDA,SAO PAULO,6,1995,Sociedade Limitada
35213122803,RESTAURANTE TENDA PAULISTA REFEICOES LTDA,SAO PAULO,6,1995,Sociedade Limitada
35213122811,CASA DOS PARAFUSOS BARRETOS LTDA.,BARRETOS,6,1995,Sociedade Limitada
35213122820,SATSUMA IMPORTACAO E EXPORTACAO LTDA.,SAO PAULO,6,1995,Sociedade Limitada
35213122838,TAUA 2000 EVENTOS LTDA.,PAULINIA,6,1995,Sociedade Limitada
35213122846,IMPOMEX IMPORTACAO EXPORTACAO E REPRESENTACAO LTDA.,SAO PAULO,6,1995,Sociedade Limitada
35213122854,LANCHES CARLOS & VICTOR LTDA.,DIADEMA,6,1995,Sociedade Limitada
35213122862,BMD TRANSPORTES LTDA.,TABOAO DA SERRA,6,1995,Sociedade Limitada
35213122871,INTERMIDIA INFORMATICA LTDA.,SAO PAULO,6,1995,Sociedade Limitada
35213122889,VAREJAO DE FERRAGENS SHIMA LTDA.,FERRAZ DE VASCONCELOS,6,1995,Sociedade Limitada
35213122897,G.V.V. GRANJA VIANA VEICULOS LTDA.,COTIA,6,1995,Sociedade Limitada
35213122901,J. D. CONFECCOES MOGI LTDA.,MOGI DAS CRUZES,6,1995,Sociedade Limitada
35213122919,FASTHC COMERCIO E MONTAGEM DE CONDUTORES ELETRICOS LTDA.,SAO PAULO,6,1995,Sociedade Limitada
35213122927,ADJUNE COMERCIO DE BRINQUEDOS E PRESENTES LTDA.,SAO PAULO,6,1995,Sociedade Limitada
35213122935,INTER PHONE TELECOMUNICACOES COMERCIO E SERVICOS LTDA,CAMPINAS,6,1995,Sociedade Limitada
35213122943,CHAPADAO VEICULOS LTDA,CAMPINAS,6,1995,Sociedade Limitada
35213122951,RPM TRANSPORTES LTDA,CAMPINAS,6,1995,Sociedade Limitada
35213122960,FARIA E DIONE ASSESSORIA E CONSULTORIA LTDA,SAO BERNARDO DO CAMPO,6,1995,Sociedade Limitada
35213122978,AMC ASSESSORIA E CONSULTORIA LTDA,SAO CAETANO DO SUL,6,1995,Sociedade Limitada
35213122986,MEH ASSESSORIA E CONSULTORIA LTDA.,SAO BERNARDO DO CAMPO,6,1995,Sociedade Limitada
35213122994,PERETTU SERVICOS LTDA,SAO PAULO,6,1995,Sociedade Limitada
35213123001,MERCURIO FOMENTO MERCANTIL LTDA.,SAO PAULO,6,1995,Sociedade Limitada
35213123010,GRUPO ELCON BRASIL CONSTRUCAO CIVIL LTDA,SANTO ANDRE,6,1995,Sociedade Limitada
35213123028,SANGEX CONSTRUCOES LTDA.,OURINHOS,6,1995,Sociedade Limitada
35213123036,ROSACRIS MAGAZINE LTDA.,RIBEIRAO PIRES,6,1995,Sociedade Limitada
35213123044,LINHABELA UTILIDADES DOMESTICAS LTDA,SEVERINIA,6,1995,Sociedade Limitada
35213123052,DEDETIZADORA JUND TEK LTDA.,JUNDIAI,6,1995,Sociedade Limitada
35213123061,P&P COMERCIO DE PRODUTOS DE HIGIENE LTDA.,JUNDIAI,6,1995,Sociedade Limitada
35213123079,NEW LINES PLANEJAMENTO TRANSPORTES E VIAGENS LTDA.,SERRA NEGRA,6,1995,Sociedade Limitada
35213123087,G.E. PEDRO FERNANDES COMERCIO E SERVICOS DE USINAGEM LTDA.,ITAPEVI,6,1995,Sociedade Limitada
35213123095,LUSTRES CANCUN LTDA.,CAMPINAS,6,1995,Sociedade Limitada
35213123109,PADARIA E CONFEITARIA DAL BO LTDA,TIETE,6,1995,Sociedade Limitada
35213123117,SILVA E LOPES LTDA.,IGUAPE,6,1995,Sociedade Limitada
35213123125,PONTO X - COMERCIO DE PRESENTES RIO CLARO LTDA,RIO CLARO,6,1995,Sociedade Limitada
35213123133,QUITANDA E MERCEARIA HAWENA LTDA,COTIA,6,1995,Sociedade Limitada
35213123141,GLOBATEC REPRESENTACOES LTDA.,SAO CAETANO DO SUL,6,1995,Sociedade Limitada
35213123150,COMERCIAL TINTAS SANTA CRUZ LTDA,RIO CLARO,6,1995,Sociedade Limitada
35213123168,OLIVEIRA & SCHIMIDT LTDA,ALVARES MACHADO,6,1995,Sociedade Limitada
35213123176,BRAGA & CIA LTDA,ESPIRITO SANTO DO PINHAL,6,1995,Sociedade Limitada
35213123184,"EQUIPOTEL-FEIRAS, EDICOES E PROMOCOES LTDA",SAO PAULO,6,1995,Sociedade Limitada
35213123192,MALHARIA ALCATTI LTDA,SAO PAULO,6,1995,Sociedade Limitada
35213123206,TAMI MATERIAIS PARA CONSTRUCAO LTDA,CAMPINAS,6,1995,Sociedade Limitada
35213123214,MAGAZINE SOLUCAO LTDA.,SAO CAETANO DO SUL,6,1995,Sociedade Limitada
35213123222,MMS - COMERCIO E RECICLAGEM DE METAIS LTDA,GUARULHOS,6,1995,Sociedade Limitada
35213123231,LAETUS REPRESENTACOES LTDA.,SAO PAULO,6,1995,Sociedade Limitada
35213123249,DENTAL PREV ASSISTENCIA ODONTOLOGICA LTDA.,SANTOS,6,1995,Sociedade Limitada
35213123257,CHAPLIN VIDEO DE SANTOS LTDA.,SANTOS,6,1995,Sociedade Limitada
35213123265,LUVER FASE COMERCIO IMPORTACAO E REPRESENTACAO LTDA.,SAO PAULO,6,1995,Sociedade Limitada
35213123273,MAROLES COMERCIO DE ROUPAS LTDA.,SAO CAETANO DO SUL,6,1995,Sociedade Limitada
35213123281,PARIZOTTO MOTORS-AUTO ELETRICO E MECANICA LTDA.,SANTO ANDRE,6,1995,Sociedade Limitada
35213123290,BERTIN COMERCIO DE REFRIGERACAO LTDA.,SAO PAULO,6,1995,Sociedade Limitada
35213123303,RELAMPAGO MATERIAIS ELETRICOS E SERVICOS LTDA.,CAMPINAS,6,1995,Sociedade Limitada
35213123311,AVERSA MOTOS LTDA,PIRACICABA,6,1995,Sociedade Limitada
35213123320,RESTAURANTE E CHOPPERIA JLJ LTDA.,SAO PAULO,6,1995,Sociedade Limitada
35213123338,ALBERNAZ E CENI DECORACOES LTDA.,SAO PAULO,6,1995,Sociedade Limitada
35213123346,BAR E MERCEARIA MARQUES DOS SANTOS LTDA.,SAO PAULO,6,1995,Sociedade Limitada
35213123354,J.C. CALCADOS DE MARILIA LTDA.,MARILIA,6,1995,Sociedade Limitada
35213123362,PANIFICADORA E CONFEITARIAS UNIAO DE GARCA LTDA.,GARCA,6,1995,Sociedade Limitada
35213123371,MARRIR CONFECCOES LTDA.,SAO PAULO,6,1995,Sociedade Limitada
35213123389,PNEULINHARES COMERCIO DE PNEUS LTDA,SAO PAULO,6,1995,Sociedade Limitada
35213123397,ALBONI COMERCIO DE PRODUTOS ALIMENTICIOS LTDA.,SAO PAULO,6,1995,Sociedade Limitada
35213123401,CONSERJET SERVICOS ESPECIALIZADOS LTDA,SAO PAULO,6,1995,Sociedade Limitada
35213123419,VOVO HOUSE PIZZARIA LTDA,SAO BERNARDO DO CAMPO,6,1995,Sociedade Limitada
35213123427,DELTA VEICULOS LTDA.,SAO PAULO,6,1995,Sociedade Limitada
35213123435,LCT-CONFECCAO E COMERCIO LTDA.,PIRACICABA,6,1995,Sociedade Limitada
35213123443,CJJ SERVICOS FOMENTO COMERCIAL LTDA.,SAO PAULO,6,1995,Sociedade Limitada
35213123451,BOX 5 COMERCIO DE PECAS E ACESSORIOS PARA MOTOS LTDA,SAO PAULO,6,1995,Sociedade Limitada
35213123460,BAR E MERCEARIA EVIVY LTDA.,SAO PAULO,6,1995,Sociedade Limitada
35213123478,FEATHER GAMES LTDA.,JUNDIAI,6,1995,Sociedade Limitada
35213123486,OKLAHOMA CONFECCOES LTDA.,SAO PAULO,6,1995,Sociedade Limitada
35213123494,NATURAL COMERCIO DE POLPA DE FRUTAS E PRODUTOS ALIMENTICIOS LTDA,SAO CAETANO DO SUL,6,1995,Sociedade Limitada
35213123508,TABATINGA EMPREENDIMENTOS IMOBILIARIOS LTDA.,SOROCABA,6,1995,Sociedade Limitada
35213123516,VIA VENETO EMPREENDIMENTOS IMOBILIARIOS LTDA.,SAO PAULO,6,1995,Sociedade Limitada
35213123524,VALMIR & ORMENEZE LTDA.,JUNDIAI,6,1995,Sociedade Limitada
35213123532,INDIA FACTORY IMPORTADORA E EXPORTADORA LTDA.,SAO PAULO,6,1995,Sociedade Limitada
35213123541,GRAFICA EVERSULL EXPRESS LTDA.,RIBEIRAO PRETO,6,1995,Sociedade Limitada
35213123559,ART-POPULAR - REPRESENTACOES COMERCIAIS LTDA>,RIBEIRAO PRETO,6,1995,Sociedade Limitada
35213123567,SETTI COMERCIO LTDA.,SANTO ANDRE,6,1995,Sociedade Limitada
35213123575,ALUGUE RIGOR COMERCIAL LTDA.,RIBEIRAO PRETO,6,1995,Sociedade Limitada
35213123583,MARCENARIA ART COM AMOR LTDA.,SANTOS,6,1995,Sociedade Limitada
35213123591,SANGESSO COMERCIO E SERVICO DE GESSO GYPSUM E FUGE LTDA.,SAO PAULO,6,1995,Sociedade Limitada
35213123605,FORMULA ESCAPAMENTOS E ASSESSORIOS LTDA.,SAO PAULO,6,1995,Sociedade Limitada
35213123613,PARAISO DIESEL COMERCIO E PRESTACAO DE SERVICOS LTDA.,GUARULHOS,6,1995,Sociedade Limitada
35213123621,COMIL COVER SAND INDUSTRIA E COMERCIO LTDA.,ITAQUAQUECETUBA,6,1995,Sociedade Limitada
35213123630,S.B.C. DISCOS E FITAS LTDA.,SAO BERNARDO DO CAMPO,6,1995,Sociedade Limitada
35213123648,MAGALHAES FREIRE COMERCIAL LTDA.,SAO PAULO,6,1995,Sociedade Limitada
35213123656,E.L.P. COMUNICACOES LTDA.,SAO PAULO,6,1995,Sociedade Limitada
35213123664,ETIBRA ETIQUETAS ADESIVAS LTDA.,SAO PAULO,6,1995,Sociedade Limitada
35213123672,COMERCIAL SANTA THEREZINHA LTDA.,SAO PAULO,6,1995,Sociedade Limitada
35213123681,KLEIDEN VICHOL CONFECCOES LTDA.,BARUERI,6,1995,Sociedade Limitada
35213123699,WEIAND COMERCIO E CONFECCAO DE ROUPAS LTDA.,SUMARE,6,1995,Sociedade Limitada
35213123702,MARCONDES & MARCONDES PRESENTES LIMITADA,VALINHOS,6,1995,Sociedade Limitada
35213123711,SO PATAS COMERCIO DE PRODUTOS PARA ANIMAIS LTDA.,CAMPINAS,6,1995,Sociedade Limitada
35213123729,"PLASTLEO COMERCIO E DISTRIBUICAO DE PRODUTOS PLASTICOS LTDA. ""CANCELADA POR INATIVIDADE""",PAULINIA,6,1995,Sociedade Limitada
35213123737,MANOSQUE COMERCIO DE PRESENTES LTDA.,CAMPINAS,6,1995,Sociedade Limitada
35213123745,SIMOPARK ESTACIONAMENTO LTDA.,CAMPINAS,6,1995,Sociedade Limitada
35213123753,ALINHACENTER PECAS E SERVICOS LTDA.,CAMPINAS,6,1995,Sociedade Limitada
35213123761,PIER SEIS ALIMENTOS LTDA.,SAO PAULO,6,1995,Sociedade Limitada
35213123770,FERREIRA JUNIOR ACESSORIOS PARA AUTOS LTDA.,HORTOLANDIA,6,1995,Sociedade Limitada
35213123788,BAZAR E PAPELARIA CONTI E IIDA LTDA.,SAO PAULO,6,1995,Sociedade Limitada
35213123796,KI-NOME BAZAR E PERFUMARIA LTDA,SAO PAULO,6,1995,Sociedade Limitada
35213123800,ELETRO REOTOM REOSTATOS E RESISTORES LTDA,SAO PAULO,6,1995,Sociedade Limitada
35213123818,MIL PHOTOPOINT LTDA,SAO PAULO,6,1995,Sociedade Limitada
35213123826,FATUM INFORMATICA COMERCIO IMPORTACAO EXPORTACAO E SERVI COS LTDA.,SAO BERNARDO DO CAMPO,6,1995,Sociedade Limitada
35213123834,RIGHT WAY IMPORTACAO E EXPORTACAO LTDA,SAO PAULO,6,1995,Sociedade Limitada
35213123842,SEM SEGREDO ROTISSERIA LTDA,SALTO DE PIRAPORA,6,1995,Sociedade Limitada
35213123851,GRAPHOS DESENHOS E SISTEMAS LTDA.,MAUA,6,1995,Sociedade Limitada
35213123869,SAGITARIOS BAZAR ARTESANATO E MIUDEZAS LTDA.,RIBEIRAO PIRES,6,1995,Sociedade Limitada
35213123877,DE AUTO CENTER E ACESSORIOS LTDA.,SAO PAULO,6,1995,Sociedade Limitada
35213123885,MICRO-CAT COMERCIO DE LIVROS LTDA.,CATANDUVA,6,1995,Sociedade Limitada
35213123893,BEERSHOP COMERCIO DE BEBIDAS LTDA.,VOTUPORANGA,6,1995,Sociedade Limitada
35213123907,MR COMERCIO DE PRODUTOS ALIMENTICIOS LTDA.,SAO PAULO,6,1995,Sociedade Limitada
35213123915,CELLINE TELECOMUNICACOES E COMERCIO LTDA.,SAO PAULO,6,1995,Sociedade Limitada
35213123923,CORLISS CONSULTORIA E SERVICOS LTDA.,SAO PAULO,6,1995,Sociedade Limitada
35213123931,LJR - UTILIDADES DOMESTICAS LTDA.,SAO PAULO,6,1995,Sociedade Limitada
35213123940,W J AGRO FLORESTAL LTDA.,ITATINGA,6,1995,Sociedade Limitada
35213123958,M.S.O. NASCIMENTO TRANSPORTES E REPRESENTACOES COMERCIAIS LTDA.,SANTOS,6,1995,Sociedade Limitada
35213123966,FACA A FESTA BELLO LTDA.,SAO VICENTE,6,1995,Sociedade Limitada
35213123974,"BUTYZU INDUSTRIA E COMERCIO ATACADISTA DE CALCADOS BOLSAS, ROUPAS E ARTEFATOS DE COURO EM GERAL LTDA.",SANTOS,6,1995,Sociedade Limitada
35213123982,DAN MAQ COMERCIO IMPORTACAO E REPRESENTACAO DE MAQUINAS LTDA,SAO PAULO,6,1995,Sociedade Limitada
35213123991,J. F. C. EMPREENDIMENTOS IMOBILIARIOS LTDA.,SAO PAULO,6,1995,Sociedade Limitada
35213124008,TROY COMERCIAL IMPORTADORA E EXPORTADORA LTDA.,SANTOS,6,1995,Sociedade Limitada
35213124016,ESTAR INTIMUS CONFECCOES LTDA.,SAO PAULO,6,1995,Sociedade Limitada
35213124024,LANCHONETE FLOR DA GAMA LTDA.,SAO PAULO,6,1995,Sociedade Limitada
35213124032,CASA DE CARNES GAUCHAO DE ELDORADO LTDA.,DIADEMA,6,1995,Sociedade Limitada
35213124041,TELHAFORTE COMERCIO DE MATERIAIS DE CONSTRUCAO LTDA.,AMERICANA,6,1995,Sociedade Limitada
35213124059,VITA & NATURA - PET SHOP LTDA,SAO PAULO,6,1995,Sociedade Limitada
35213124067,BAG PEL REPRESENTACOES E CONSULTORIA DE EMBALAGENS LTDA.,NAZARE PAULISTA,6,1995,Sociedade Limitada
35213124075,RAPIDEZ-SUCOS E LANCHES LTDA.,SAO PAULO,6,1995,Sociedade Limitada
35213124083,PEGASUS CAR AUTO PARTES LTDA.,SAO PAULO,6,1995,Sociedade Limitada
35213124091,VIC CONFECCOES E PRESENTES LTDA.,SAO PAULO,6,1995,Sociedade Limitada
35213124105,CABO BRAS EQUIPAMENTOS INDUSTRIAIS LTDA.,SOROCABA,6,1995,Sociedade Limitada
35213124113,EUROPA MECANICA FUNILARIA E PINTURA DE AUTOS LTDA.,SAO PAULO,6,1995,Sociedade Limitada
35213124121,REVEST INDUSTRIA E COMERCIO DE ARTEFATOS DE BORRACHA LTDA,GUARATINGUETA,6,1995,Sociedade Limitada
35213124130,"NUTRIZAM COMERCIO E REPRESENTACOES LTDA. - ""INABILITADA PARA EXERCER ATIVIDADE EMPRESARIAL""",SAO PAULO,6,1995,Sociedade Limitada
35213124148,ALL-NUTRI APOIO ADMINISTRATIVO LTDA,SAO PAULO,6,1995,Sociedade Limitada
35213124156,NUTRI- ALI COMERCIO E REPRESENTACOES LTDA.,SAO PAULO,6,1995,Sociedade Limitada
35213124164,RAYS INCORPORACOES LTDA,SAO PAULO,6,1995,Sociedade Limitada
35213124172,AUTO ELETRICO AUTO PECAS E BORRACHARIA IRMAOS DUTRA LTDA.,OSASCO,6,1995,Sociedade Limitada
35213124181,CURSINO E MOREIRA LTDA.,SAO LUIZ DO PARAITINGA,6,1995,Sociedade Limitada
35213124199,GALVAO E NOGAROTTO LTDA.,TAUBATE,6,1995,Sociedade Limitada
35213124202,TORTIZZA PRODUTOS ALIMENTICIOS LTDA.,SERTAOZINHO,6,1995,Sociedade Limitada
35213124211,KERUBI COMERCIO DE MATERIAIS DE CONSTRUCAO LTDA.,PRESIDENTE PRUDENTE,6,1995,Sociedade Limitada
35213124229,TALGUS COMERCIO E REPRESENTACOES LTDA,SAO JOSE DOS CAMPOS,6,1995,Sociedade Limitada
35213124237,BAR E MERCEARIA MORAES GODOY LTDA.,BAURU,6,1995,Sociedade Limitada
35213124245,PANOCHIC COMERCIAL LTDA.,SAO PAULO,6,1995,Sociedade Limitada
35213124253,PINHO & TRAJANO MODA INTIMA LTDA,JACAREI,6,1995,Sociedade Limitada
35213124261,METALURGICA STAMP - ART LTDA.,MAUA,6,1995,Sociedade Limitada
35213124270,N.J. VIDEO LOCADORA BAZAR E COMERCIO LTDA.,SAO JOSE DOS CAMPOS,6,1995,Sociedade Limitada
35213124288,ESTACIONAMENTO E LAVA RAPIDO BRASIL MAIS HUM LTDA,SAO PAULO,6,1995,Sociedade Limitada
35213124296,FABREN - LANCHES LTDA,GUARUJA,6,1995,Sociedade Limitada
35213124300,ROMANTUR AGENCIA DE VIAGENS E TURISMO LTDA.,SOROCABA,6,1995,Sociedade Limitada
35213124318,FLIPPER LANCHES LANCHONETE E DIVERSOES ELETRONICAS LTDA.,SAO JOSE DO RIO PRETO,6,1995,Sociedade Limitada
35213124326,RIC CATANDUVA COMERCIO E REPRESENTACOES LTDA,CATANDUVA,6,1995,Sociedade Limitada
35213124334,DANIELE LOZANO COMERCIO E SERVICOS LTDA.,SAO PAULO,6,1995,Sociedade Limitada
35213124342,LEVOSIE COIFFURE CABELEIREIROS E COSMETICOS LTDA.,SAO PAULO,6,1995,Sociedade Limitada
35213124351,TRANSPORTADORA MARQUES & MARQUES LTDA.,PRAIA GRANDE,6,1995,Sociedade Limitada
35213124369,COMERCIAL MARSALA PRODUTOS DE UTILIDADES DOMESTICAS LTDA,RIBEIRAO PRETO,6,1995,Sociedade Limitada
35213124377,COMERCIAL FOTOSOM VIDEO LTDA,SAO PAULO,6,1995,Sociedade Limitada
35213124385,CONSTRUKTA IMPORTACAO E REPRESENTACOES LTDA,SAO PAULO,6,1995,Sociedade Limitada
35213124393,HERNANDEZ AGROPECUARIA LTDA,SAO PAULO,6,1995,Sociedade Limitada
35213124407,TOKE DE MAGIA COMERCIAL LTDA,JAU,6,1995,Sociedade Limitada
35213124415,METRO VIDEO COMERCIAL LTDA,SAO PAULO,6,1995,Sociedade Limitada
35213124423,CENTROTEC CENTRAL TECNICA DE SERVICOS E COMERCIO LTDA,SAO PAULO,6,1995,Sociedade Limitada
35213124431,SBS COMERCIO E INFORMATICA LTDA,SAO PAULO,6,1995,Sociedade Limitada
35213124440,ACCUGRAPH SERVICES GROUP - AMERICA DO SUL LTDA,SAO PAULO,6,1995,Sociedade Limitada
35213124458,LANCHONETE E RESTAURANTE DOCE DA MOOCA LTDA,SAO PAULO,6,1995,Sociedade Limitada
35213124466,ASPEN COMERCIAL E EMPRESARIAL LTDA.,SANTANA DE PARNAIBA,6,1995,Sociedade Limitada
35213124474,AMPLALIX COMERCIO DE PRODUTOS DESCARTAVEIS LTDA.,SAO PAULO,6,1995,Sociedade Limitada
35213124482,FATAL LOOK MODA JOVEM LTDA.,DIADEMA,6,1995,Sociedade Limitada
35213124491,MULT - DOG CAFE E LANCHES LTDA,SOROCABA,6,1995,Sociedade Limitada
35213124504,M R CARDOSO E PRANDATO LTDA.,SANTOS,6,1995,Sociedade Limitada
35213124512,FULL TIME ADMINISTRADORA LTDA,ITATIBA,6,1995,Sociedade Limitada
35213124521,MEGA ESQUADRO ALUMINIO LTDA.,SAO PAULO,6,1995,Sociedade Limitada
35213124539,BAR E MERCEARIA MEIRIKE LTDA,SAO PAULO,6,1995,Sociedade Limitada
35213124547,CRTEL- TELECOMUNICACOES LTDA,SANTA BARBARA D'OESTE,6,1995,Sociedade Limitada
35213124555,SILVIO NATALINO NOGUEIRA & CIA LTDA.,CAPELA DO ALTO,6,1995,Sociedade Limitada
35213124563,A. W. P. LOCADORA DE VIDEO LTDA.,SUZANO,6,1995,Sociedade Limitada
35213124571,BTU COMERCIO E INSTALACOES LTDA.,SAO PAULO,6,1995,Sociedade Limitada
35213124580,NIADRI REPRESENTACOES COMERCIAIS LTDA,SAO PAULO,6,1995,Sociedade Limitada
35213124598,MANE YOUNG EVENTOS E GASTRONOMIA LTDA.,SAO PAULO,6,1995,Sociedade Limitada
35213124601,VITORIA BUFFET E ORGANIZACAO DE EVENTOS LTDA.,SAO PAULO,6,1995,Sociedade Limitada
35213124610,LANCHONETE MANFRIM LTDA.,SAO PAULO,6,1995,Sociedade Limitada
35213124628,JMS EMPRESA BRASILEIRA DE MAO DE OBRA LTDA.,SAO PAULO,6,1995,Sociedade Limitada
35213124636,COPY THUR COMERCIAL LTDA.,SAO PAULO,6,1995,Sociedade Limitada
35213124644,MILLY LANCHONETE E RESTAURANTE LTDA,SAO PAULO,6,1995,Sociedade Limitada
35213124652,MECA TRANSPORTES E PRESTACAO DE SERVICOS LTDA.,COTIA,6,1995,Sociedade Limitada
35213124661,GALERIA CENTRO-DIVERSOES ELETRONICAS LTDA.,SOROCABA,6,1995,Sociedade Limitada
35213124679,DIN CALCADOS LTDA,SAO PAULO,6,1995,Sociedade Limitada
35213124687,VENUS RESTAURANTE E BUFFET LTDA.,OSASCO,6,1995,Sociedade Limitada
35213124695,ABC EMPORIUM DOS PAES LTDA.,SANTO ANDRE,6,1995,Sociedade Limitada
35213124709,"BRASIL TIRE & WHEEL-COMERCIO,REPRESENTACAO E ASSESSORIA EM IMPORTACAO E EXPORTACAO LTDA.",SAO BERNARDO DO CAMPO,6,1995,Sociedade Limitada
35213124717,F&F COMERCIO REPRESENTACOES LTDA.,ITU,6,1995,Sociedade Limitada
35213124725,C. & K. INFORMATICA LTDA.,SAO JOSE DOS CAMPOS,6,1995,Sociedade Limitada
35213124733,MOMPLASTY MONTAGENS INDUSTRIAIS LTDA.,GUARULHOS,6,1995,Sociedade Limitada
35213124741,J. PAR PARAFUSOS E CONGENERES LTDA.,SAO PAULO,6,1995,Sociedade Limitada
35213124750,CENTRAL DE CARNES BEZERRO LTDA.,OSASCO,6,1995,Sociedade Limitada
35213124768,DON GIORDANO BUFFET E RESTAURANTE LTDA.,SANTOS,6,1995,Sociedade Limitada
35213124776,ESTRELA DO MAR - COMERCIO E FORNECIMENTO DE REFEICOES LTDA.,SAO PAULO,6,1995,Sociedade Limitada
35213124784,AUGE - PROMOCOES ARTISTICAS LTDA,SAO PAULO,6,1995,Sociedade Limitada
35213124792,"SERVICE OF WORLD REPRESENTACAO COMERCIAL,ADMINISTRACAO DE BENS E ENGENHARIA LTDA.",SAO PAULO,6,1995,Sociedade Limitada
35213124806,ELEMENTO COMERCIO DE MOVEIS E OBJETOS LTDA.,SAO PAULO,6,1995,Sociedade Limitada
35213124814,CODICRE FACTORING - FOMENTO MERCANTIL LTDA.,SAO PAULO,6,1995,Sociedade Limitada
35213124822,"DOWEN PAGIO DO BRASIL COMERCIO, IMPORTACAO, EXPORTACAO E REPRESENTACAO LTDA.",SAO PAULO,6,1995,Sociedade Limitada
35213124831,AROVALE EQUIPAMENTOS INDUSTRIAIS LTDA.,PINDAMONHANGABA,6,1995,Sociedade Limitada
35213124849,PRO UNIFORMES ROUPAS PROFISSIONAIS LTDA.,SAO PAULO,6,1995,Sociedade Limitada
35213124857,"SA´ WA COMERCIO, DECORACOES E EVENTOS LTDA",SAO PAULO,6,1995,Sociedade Limitada
35213124865,CASA DE PAES BRAGA E IRMAOS LTDA,OSASCO,6,1995,Sociedade Limitada
35213124873,COMERCIO DE MATERIAIS PARA CONSTRUCAO OLHEIRO LTDA.,OSASCO,6,1995,Sociedade Limitada
35213124881,BAR E LANCHONETE BUANA LTDA.,ALVARO DE CARVALHO,6,1995,Sociedade Limitada
35213124890,BAZAR E PERFUMARIA MAGNOLIA LTDA,SAO PAULO,6,1995,Sociedade Limitada
35213124903,MERCEARIA LORENTI LTDA.,SAO PAULO,6,1995,Sociedade Limitada
35213124911,PLUSS - AR CONDICIONADO LTDA.,RIBEIRAO PRETO,6,1995,Sociedade Limitada
35213124920,DEL VECCHI E DEL VECCHI LTDA.,JUNDIAI,6,1995,Sociedade Limitada
35213124938,D. WITT DO BRASIL LTDA.,SAO PAULO,6,1995,Sociedade Limitada
35213124946,L & S CORRETORA INTERNACIONAL DE CAFE LTDA.,SANTOS,6,1995,Sociedade Limitada
35213124954,HADDOCK-COMERCIO E ASSISTENCIA TECNICA DE FERRAMENTAS ELETRICAS LTDA.,SAO VICENTE,6,1995,Sociedade Limitada
35213124962,COMUNICACAO VISUAL RAMOS LTDA.,EMBU,6,1995,Sociedade Limitada
35213124971,VPL DIET STORE PRODUTOS ALIMENTICIOS LTDA.,SAO PAULO,6,1995,Sociedade Limitada
35213124989,CASA DE CARNES SOLONOPOLE LTDA.,SAO PAULO,6,1995,Sociedade Limitada
35213124997,TEQUILA'S M.A. BAR LTDA.,PRAIA GRANDE,6,1995,Sociedade Limitada
35213125004,BANANA'S BOMBONIERE LTDA.,SANTOS,6,1995,Sociedade Limitada
35213125012,PRINCIPIO DO TALENTO AGENCIA DE ATORES E MODELOS DESENVOLVIMENTO DE SERVICOS LTDA.,CAMPINA DO MONTE ALEGRE,6,1995,Sociedade Limitada
35213125021,HBL LAVANDERIA E SERVICOS TECNICOS LTDA.,CAMPINAS,6,1995,Sociedade Limitada
35213125039,MACPLAC COMERCIO E INDUSTRIA DE MOVEIS LTDA.,CAMPINAS,6,1995,Sociedade Limitada
35213125047,J.M.SOLDAS ESPECIAIS COMERCIO E MANUTENCAO LTDA.,CAMPINAS,6,1995,Sociedade Limitada
35213125055,GALLERIA DO FREIO LTDA.,CAMPINAS,6,1995,Sociedade Limitada
35213125063,DAISSUKI RESTAURANTE LTDA.,SAO PAULO,6,1995,Sociedade Limitada
35213125071,BAR E LANCHONETE LAVINIA LTDA.,SAO BERNARDO DO CAMPO,6,1995,Sociedade Limitada
35213125080,CARLOS H T WILLENS & CIA. LTDA.,PIRACICABA,6,1995,Sociedade Limitada
35213125098,TORNEARIA EXATA LTDA.,ITAPECERICA DA SERRA,6,1995,Sociedade Limitada
35213125101,F & T ARTES - EDITORACAO E COMERCIO DE IMPORTADOS LTDA.,MOGI-GUACU,6,1995,Sociedade Limitada
35213125110,NOVA AVENIDA SERVICOS AUTOMOTIVOS LTDA.,OSASCO,6,1995,Sociedade Limitada
35213125128,MENDONCA & PAROLIM LTDA.,SUMARE,6,1995,Sociedade Limitada
35213125136,A.R.P. COMERCIO E PLANEJAMENTO LTDA,SAO CAETANO DO SUL,6,1995,Sociedade Limitada
35213125144,DISTRIWAF SERVICOS TECNICOS E AUXILIARES LTDA.,SAO PAULO,6,1995,Sociedade Limitada
35213125152,MULTIBENS COMERCIO E SERVICOS LTDA.,CAMPINAS,6,1995,Sociedade Limitada
35213125161,IMPERAUTO REMANUFATURA DE AUTO PECAS LTDA.,SAO PAULO,6,1995,Sociedade Limitada
35213125179,FOX VIDEO E PRODUCOES LTDA.,SAO PAULO,6,1995,Sociedade Limitada
35213125187,PUERTO ESCONDIDO COMERCIO LTDA.,SAO PAULO,6,1995,Sociedade Limitada
35213125195,S.T. - COMERCIO E TURISMO LTDA.,SAO BENTO DO SAPUCAI,6,1995,Sociedade Limitada
35213125209,SELACON COMERCIO E REPRESENTACOES LTDA.,SAO PAULO,6,1995,Sociedade Limitada
35213125217,CONSTRIAL EMPREITEIRA E COMERCIO DE MATERIAIS PARA CONSTRUCAO LTDA.,SAO PAULO,6,1995,Sociedade Limitada
35213125225,M R RESTAURANTE LTDA.,SAO PAULO,6,1995,Sociedade Limitada
35213125233,MANA MANIA LANCHES LTDA.,SAO PAULO,6,1995,Sociedade Limitada
35213125241,J.C.-P D'ANJO CONFECCAO E COMERCIO LTDA.,CARAPICUIBA,6,1995,Sociedade Limitada
35213125250,ESTRUTURAL TEC LEV SERRALHERIA LTDA,SUZANO,6,1995,Sociedade Limitada
35213125268,EXXEL BRASILEIRA DE PETROLEO LTDA.,PAULINIA,6,1995,Sociedade Limitada
35213125276,FRANGROTTO COMERCIO DE ALIMENTOS LTDA,SAO PAULO,6,1995,Sociedade Limitada
35213125284,LINDA & FILHOS CONFECCOES LTDA.,ITAPEVI,6,1995,Sociedade Limitada
35213125292,ROTESSERIA AS NINA'S LTDA,GUARULHOS,6,1995,Sociedade Limitada
35213125306,GUTIART GRAFICA E EDITORA LTDA,SAO PAULO,6,1995,Sociedade Limitada
35213125314,COUNTRY SERVICOS E EMPREENDIMENTOS LTDA,SAO PAULO,6,1995,Sociedade Limitada
35213125322,MOREGOLA REPRESENTACOES LTDA,SAO PAULO,6,1995,Sociedade Limitada
35213125331,IRAPIRANGA COMERCIO DE OLEOS USADOS LTDA.,SAO PAULO,6,1995,Sociedade Limitada
35213125349,FERRACINI COMERCIO DE COMBUSTIVEIS LTDA.,FRANCA,6,1995,Sociedade Limitada
35213125357,MENDES & GOMES LTDA,PIRACICABA,6,1995,Sociedade Limitada
35213125365,RIO PRETO ARMAZENAGEM LOGISTICA E DISTRIBUICAO LTDA.,SAO PAULO,6,1995,Sociedade Limitada
35213125373,ROMANETTI ROTISSERIE LTDA.,SAO BERNARDO DO CAMPO,6,1995,Sociedade Limitada
35213125381,MERCANTIL FAVANA LTDA.,SAO PAULO,6,1995,Sociedade Limitada
35213125390,MARTIPLAST INDUSTRIA E COMERCIO DE EMBALAGENS LTDA,CARAPICUIBA,6,1995,Sociedade Limitada
35213125403,VIROFIX COMPONENTES PARA FIXACOES LTDA.,SAO PAULO,6,1995,Sociedade Limitada
35213125411,SEMAB SERVICOS E MANUTENCAO DE BALANCAS LTDA.,ITAQUAQUECETUBA,6,1995,Sociedade Limitada
35213125420,KI-DELICIA RESTAURANTE E ROTISSERIE AMERICANA LTDA.,AMERICANA,6,1995,Sociedade Limitada
35213125438,BOTTOMS UP COMERCIO LTDA.,MOGI GUACU,6,1995,Sociedade Limitada
35213125446,MADEIREIRA REGIONAL LTDA.,RIO CLARO,6,1995,Sociedade Limitada
35213125454,PANIFICADORA BOM JARDIM LTDA.,INDAIATUBA,6,1995,Sociedade Limitada
35213125462,PIMENTEL & NASCIMENTO LTDA.,INDAIATUBA,6,1995,Sociedade Limitada
35213125471,LUCINEIA ESQUADRIAS DE ALUMINIO LTDA,SAO PAULO,6,1995,Sociedade Limitada
35213125489,ON LINES COMERCIO DE CONFECCOES LTDA.,VOTUPORANGA,6,1995,Sociedade Limitada
35213125497,BONATTI E ROMERO LTDA,RIO CLARO,6,1995,Sociedade Limitada
35213125501,FANIL COMERCIO E REPRESENTACAO LTDA,SAO PAULO,6,1995,Sociedade Limitada
35213125519,PICHERELLI & SANTOS LTDA,AMERICANA,6,1995,Sociedade Limitada
35213125527,WISE SURF DESING CONFECCOES LTDA.,RIO CLARO,6,1995,Sociedade Limitada
35213125535,VISKARPEL INDUSTRIA E COMERCIO LTDA,SAO PAULO,6,1995,Sociedade Limitada
35213125551,MAR CAR COMERCIO E CONSIGNACAO DE VEICULOS LTDA.,SAO PAULO,6,1995,Sociedade Limitada
35213125560,FIDELITAS PARTICIPACOES LTDA.,SAO PAULO,6,1995,Sociedade Limitada
35213125578,FLAGRANTE INDUSTRIA E COMERCIO DE CALCADOS LTDA.,SAO PAULO,6,1995,Sociedade Limitada
35213125586,MEGABAT COMERCIO DE BATERIAS LTDA.,SAO PAULO,6,1995,Sociedade Limitada
35213125594,REVOADA VEICULOS LTDA,MOGI DAS CRUZES,6,1995,Sociedade Limitada
35213125608,SUPERPACK COMERCIAL LTDA.,SAO PAULO,6,1995,Sociedade Limitada
35213125616,N.T.K. ARACATUBA COMERCIO E REPRESENTACOES LTDA.,ARACATUBA,6,1995,Sociedade Limitada
35213125624,N. T. DA PAIXAO & CIA. LTDA.,IGARACU DO TIETE,6,1995,Sociedade Limitada
35213125632,RETIFICA DE CAMPANAS E DISCO RIBEIRO ARACATUBA LTDA.,ARACATUBA,6,1995,Sociedade Limitada
35213125641,CENTER GAS COMERCIAL LTDA.,PEREIRA BARRETO,6,1995,Sociedade Limitada
35213125659,IRMAOS PAZIAN LTDA.,ARACATUBA,6,1995,Sociedade Limitada
35213125667,AUTO POSTO ALBATROZ DE GUARUJA LTDA.,GUARUJA,6,1995,Sociedade Limitada
35213125675,BAZAR E BOMBONIERE AIRES LTDA.,SANTOS,6,1995,Sociedade Limitada
35213125683,MEGA SPORTS ARTIGOS ESPORTIVOS LTDA.,SAO PAULO,6,1995,Sociedade Limitada
35213125691,TRANSPORTADORA TRANSPALMA LTDA.,SAO PAULO,6,1995,Sociedade Limitada
35213125705,MERCEARIA REGINA'S LTDA.,SAO PAULO,6,1995,Sociedade Limitada
35213125713,AUGER INDUSTRIA E COMERCIO DE ESCALAS METRICAS LTDA.,SAO PAULO,6,1995,Sociedade Limitada
35213125721,STAHL COMERCIO DE ALIMENTOS LTDA.,SAO PAULO,6,1995,Sociedade Limitada
35213125730,SANE-BASE SANEAMENTO BASICO RIO PRETO LTDA.,SAO JOSE DO RIO PRETO,6,1995,Sociedade Limitada
35213125748,PORCINI SERVICOS DE COBRANCA LTDA,SAO JOSE DO RIO PRETO,6,1995,Sociedade Limitada
35213125756,CURSOS DORA E APOSTILAS RIO PRETO LTDA.,SAO JOSE DO RIO PRETO,6,1995,Sociedade Limitada
35213125764,CABRERA VEICULOS E PECAS LTDA.,MONTE APRAZIVEL,6,1995,Sociedade Limitada
35213125772,SYSTEL COMPRA E VENDA DE LINHAS TELEFONICAS LTDA,SAO PAULO,6,1995,Sociedade Limitada
35213125781,DALETHVAV COMERCIO E SERVICOS LTDA.,SAO PAULO,6,1995,Sociedade Limitada
35213125799,VISAN INDUSTRIA E COMERCIO DE ARTEFATOS DE COURO LTDA.,SAO PAULO,6,1995,Sociedade Limitada
35213125802,OPTICA E RELOJOARIA FERPI COMERCIO E IMPORTACAO LTDA.,BAURU,6,1995,Sociedade Limitada
35213125811,MATHEVI LIVRARIA E PAPELARIA LTDA.,BAURU,6,1995,Sociedade Limitada
35213125837,TOLEDO & MADEIRA INDUSTRIA E COMERCIO LTDA.,RIBEIRAO PRETO,6,1995,Sociedade Limitada
35213125845,MARMITAS E MARMITEX AROMA & SABOR LTDA.,RIBEIRAO PRETO,6,1995,Sociedade Limitada
35213125853,R. M. ALIMENTOS RIO PRETO LTDA.,SAO JOSE DO RIO PRETO,6,1995,Sociedade Limitada
35213125861,QUIMAR INDUSTRIAS QUIMICAS LTDA.,DIADEMA,6,1995,Sociedade Limitada
35213125870,RESTAURANTE TABULEIRO LTDA,SAO JOSE DOS CAMPOS,6,1995,Sociedade Limitada
35213125888,INDUSTRIA E COMERCIO DE BEBIDAS NUT LTDA.,SAO JOSE DOS CAMPOS,6,1995,Sociedade Limitada
35213125896,R F TIJOLOS ESPECIAIS LTDA.,CACAPAVA,6,1995,Sociedade Limitada
35213125900,BORT DISTRIBUIDORA DE BRINQUEDOS LTDA.,CACAPAVA,6,1995,Sociedade Limitada
35213125918,ESPACO CD-ROM LTDA.,RIBEIRAO PRETO,6,1995,Sociedade Limitada
35213125926,LEO FERRAMENTAS LTDA.,REGENTE FEIJO,6,1995,Sociedade Limitada
35213125934,DEYORK REPRESENTACAO COMERCIAL LTDA,SANTO ANDRE,6,1995,Sociedade Limitada
35213125942,SOUZA'S & CAVALCANTE'S BRINDES LTDA,SAO PAULO,6,1995,Sociedade Limitada
35213125951,E.R.C. COMERCIO DE FITAS E VIDEO LTDA.,PINDAMONHANGABA,6,1995,Sociedade Limitada
35213125969,KROAN - AGROPECUARIA E IMPLEMENTOS AGRICOLAS LTDA.,TREMEMBE,6,1995,Sociedade Limitada
35213125977,TRATORK TAUBATE COMERCIO E ASSISTENCIA EM MAQUINAS LTDA,TAUBATE,6,1995,Sociedade Limitada
35213125985,CASA DO FABRICANTE COMERCIO DE MAQUINAS PARA CALCADOS LTDA.,FRANCA,6,1995,Sociedade Limitada
35213125993,J.L. FRANCA BAR LTDA.,FRANCA,6,1995,Sociedade Limitada
35213126001,A.G.S.COMERCIO E REPRESENTACOES DE PRODUTOS ALIMENTICIOS LTDA.,FRANCA,6,1995,Sociedade Limitada
35213126019,DIA A DIA COMERCIO LTDA.,FRANCA,6,1995,Sociedade Limitada
35213126027,LANCHONETE MINEIRA FRANCA LTDA.,FRANCA,6,1995,Sociedade Limitada
35213126035,DELTAPACK SISTEMAS E EMBALAGENS LTDA.,TABOAO DA SERRA,6,1995,Sociedade Limitada
35213126043,ARMADA COMERCIO IMPORTACAO EXPORTACAO E TERCERIZACAO LTDA.,SAO PAULO,6,1995,Sociedade Limitada
35213126051,MINI MERCADO NOVA ROSEIRAL LTDA,SAO PAULO,6,1995,Sociedade Limitada
35213126060,C & C VIDEO SHOP LTDA,BOCAINA,6,1995,Sociedade Limitada
35213126078,COMERCIAL E EMPACOTADORA TRES BARRAS LTDA.,BOCAINA,6,1995,Sociedade Limitada
35213126086,RED ONION LTDA,SANTO ANDRE,6,1995,Sociedade Limitada
35213126094,COMERCIAL O CANOEIRO LTDA.,SAO PAULO,6,1995,Sociedade Limitada
35213126108,FLASH CINE E FOTO LTDA,SAO PAULO,6,1995,Sociedade Limitada
35213126116,AVICOLA E MERCEARIA HELOAN LTDA,SAO PAULO,6,1995,Sociedade Limitada
35213126124,TASKE CONFECCOES LTDA,SAO PAULO,6,1995,Sociedade Limitada
35213126132,JCO TELEFONIA LTDA,SAO PAULO,6,1995,Sociedade Limitada
35213126141,CORPOGRAF COMPOSICAO E ARTES GRAFICAS LTDA,SAO PAULO,6,1995,Sociedade Limitada
35213126159,ANLU BAZAR E PAPELARIA LTDA,SAO PAULO,6,1995,Sociedade Limitada
35213126167,FINANCIAL TOURS - CONSULTORIA E NEGOCIOS LTDA.,SAO PAULO,6,1995,Sociedade Limitada
35213126175,PIRAMIDE V.G. MOVEIS LTDA,GUARULHOS,6,1995,Sociedade Limitada
35213126183,BAR E LANCHES TRUDE LTDA.,SAO PAULO,6,1995,Sociedade Limitada
35213126191,COMERCIAL RASNE LTDA.,SAO PAULO,6,1995,Sociedade Limitada
35213126205,VN INDUSTRIA METALURGICA LTDA,SAO PAULO,6,1995,Sociedade Limitada
35213126213,ICARO BEAUTY CENTER LTDA,GUARULHOS,6,1995,Sociedade Limitada
35213126221,THIAMA BAZAR E PAPELARIA LTDA.,SAO PAULO,6,1995,Sociedade Limitada
35213126230,PAO DE MEL COMERCIO DE PRODUTOS ALIMENTICIOS LTDA,JUNDIAI,6,1995,Sociedade Limitada
35213126248,FELICIANO E MAZZANATTI COMERCIO DE ROUPAS JUNDIAI LTDA.,JUNDIAI,6,1995,Sociedade Limitada
35213126256,R.R PARTS COMERCIO E IMPORTACAO DE AUTOS PECAS LTDA.,SAO PAULO,6,1995,Sociedade Limitada
35213126264,MLJ - COMERCIO DE CONFECCOES LTDA,SAO PAULO,6,1995,Sociedade Limitada
35213126272,FERRO E FOGO INDUSTRIA E COMERCIO LTDA.,SAO PAULO,6,1995,Sociedade Limitada
35213126281,PATY E ROSE LANCHONETE LTDA.,SAO PAULO,6,1995,Sociedade Limitada
35213126299,MUTANTE COMERCIO DE BRINDES LTDA,SAO PAULO,6,1995,Sociedade Limitada
35213126302,CLACLEI MODAS LTDA,ITAPECERICA DA SERRA,6,1995,Sociedade Limitada
35213126311,GABY BABY COMERCIO DE PRODUTOS INFANTIS LTDA,SAO PAULO,6,1995,Sociedade Limitada
35213126329,LUNETTES E OCCHIALI COMERCIO E REPRESENTACAO LTDA.,SANTOS,6,1995,Sociedade Limitada
35213126337,VALLE BRAGA PRODUTOS ALIMENTICIOS LTDA,SAO PAULO,6,1995,Sociedade Limitada
35213126345,77 CONFECCOES FEMININAS LTDA,SAO PAULO,6,1995,Sociedade Limitada
35213126353,SPEED MACHINE COMERCIO E LOCACAO DE EQUIPAMENTOS LTDA.,SAO PAULO,6,1995,Sociedade Limitada
35213126361,BYTE WIZARD HARDWARE INFORMATICA LTDA.,SAO BERNARDO DO CAMPO,6,1995,Sociedade Limitada
35213126370,SIDUS SYSTEMS BRASIL LTDA.,SAO PAULO,6,1995,Sociedade Limitada
35213126388,"APV - COMERCIO, IMPORTACAO, EXPORTACAO E REPRESENTACAO LTDA",SAO PAULO,6,1995,Sociedade Limitada
35213126396,BIRD SPACE CARGO LTDA.,EMBU,6,1995,Sociedade Limitada
35213126418,RAVELI & MARCHESIN LTDA,SANTA BARBARA D'OESTE,6,1995,Sociedade Limitada
35213126426,SUPERMERCADO E DISTRIBUIDORA ADRIANA LTDA,GUARULHOS,6,1995,Sociedade Limitada
35213126434,C.G.O. ENGENHARIA LTDA.,SAO PAULO,6,1995,Sociedade Limitada
35213126442,PETROMIL COMERCIO COMBUSTIVEIS E LUBRIFICANTES LTDA.,CAMPINA DO MONTE ALEGRE,6,1995,Sociedade Limitada
35213126451,AMGARTEN COMERCIO DE MOVEIS LTDA.,SAO MIGUEL ARCANJO,6,1995,Sociedade Limitada
35213126469,CHURRASCARIA INTEGRACAO LTDA.,VARGEM GRANDE DO SUL,6,1995,Sociedade Limitada
35213126477,BALCAO DO AZULEJO ANTIGO LTDA,SAO PAULO,6,1995,Sociedade Limitada
35213126485,JACARANDA MOVEIS E ELETRODOMESTICOS LTDA.,SAO PAULO,6,1995,Sociedade Limitada
35213126493,VIRTUDE SERVICOS EXPRESSOS LTDA.,SAO PAULO,6,1995,Sociedade Limitada
35213126507,LUKINTEC MANUTENCAO DE EQUIPAMENTOS LTDA,SAO PAULO,6,1995,Sociedade Limitada
35213126515,OGATA VEICULOS E PECAS LTDA.,MARILIA,6,1995,Sociedade Limitada
35213126523,REAL RETENTORES DE JUNDIAI LTDA.,JUNDIAI,6,1995,Sociedade Limitada
35213126531,CASA PETERSON COMERCIO E IMPORTACAO DE PRODUTOS HOSPITALARES LTDA,ARACATUBA,6,1995,Sociedade Limitada
35213126540,TEMPRA VIDROS COMERCIO E COLOCACAO LTDA,SAO PAULO,6,1995,Sociedade Limitada
35213126558,ELISALE COMERCIO DE ROUPAS PIRACAIA LTDA.,PIRACAIA,6,1995,Sociedade Limitada
35213126566,SERV-DUTRA PECAS E SERVICOS LTDA,SAO PAULO,6,1995,Sociedade Limitada
35213126574,GIGAWATTS ELETRICA E HIDRAULICA LTDA.,SAO PAULO,6,1995,Sociedade Limitada
35213126582,CENTER FALC EMBALAGENS PLASTICAS LTDA.,GUARULHOS,6,1995,Sociedade Limitada
35213126591,MFX - AUTO PECAS E SERVICOS AUTOMOTIVOS LTDA.,SAO PAULO,6,1995,Sociedade Limitada
35213126612,CONEXAO SPORT COMERCIO DE ARTIGOS ESPORTIVOS LTDA,SAO BERNARDO DO CAMPO,6,1995,Sociedade Limitada
35213126621,GALLO D ORO RESTAURANTE LTDA,PIRACICABA,6,1995,Sociedade Limitada
35213126639,NORMAQ EQUIPAMENTOS LTDA.,BARRETOS,6,1995,Sociedade Limitada
35213126647,NANI MODAS LTDA.,SAO PAULO,6,1995,Sociedade Limitada
35213126655,PAPARICO RESTAURANTE LTDA.,SAO PAULO,6,1995,Sociedade Limitada
35213126663,A IGREJINHA DELICIAS COM CHA LTDA,SAO PAULO,6,1995,Sociedade Limitada
35213126671,M Y MARMITEX LTDA,SAO PAULO,6,1995,Sociedade Limitada
35213126680,DISCOUNT ESFIHA KIBE LTDA,SAO PAULO,6,1995,Sociedade Limitada
35213126698,COMERCIAL MAQ SYSTEN LTDA,JUNDIAI,6,1995,Sociedade Limitada
35213126701,MERCEARIA SOMBRA FRESCA LTDA,CARAPICUIBA,6,1995,Sociedade Limitada
35213126710,A C M AUDIO LTDA.,VARGEM GRANDE DO SUL,6,1995,Sociedade Limitada
35213126728,COMERCIAL DE ALIMENTOS DAVINES LTDA.,SAO JOAO DA BOA VISTA,6,1995,Sociedade Limitada
35213126736,ROCHA SALDANHA PANIFICADORA LTDA.,EMBU-GUACU,6,1995,Sociedade Limitada
35213126744,LUZIR CONFECCOES LTDA.,SAO PAULO,6,1995,Sociedade Limitada
35213126752,ALMEIDA & NOGUEIRA LTDA.,ITAPETININGA,6,1995,Sociedade Limitada
35213126761,AVICOLA E QUITANDA OROBO LTDA.,GUARULHOS,6,1995,Sociedade Limitada
35213126787,MENDES & NOGUEIRA EMPREENDIMENTOS IMOBILIARIOS LTDA.,PRAIA GRANDE,6,1995,Sociedade Limitada
35213126795,BARE INDUSTRIA E COMERCIO DE CONFECCOES LTDA.,SAO PAULO,6,1995,Sociedade Limitada
35213126809,SERI-A CONFECCOES LTDA.,SAO PAULO,6,1995,Sociedade Limitada
35213126817,LANCHONETE E EVENTOS KISS LTDA.,ITAPIRA,6,1995,Sociedade Limitada
35213126825,LANCHONETE E LAVA RAPIDO LIMPCAR LTDA.,GUARULHOS,6,1995,Sociedade Limitada
35213126833,P.C.R. BRASIL INDUSTRIA E COMERCIO DE BANCAS LTDA.,SAO PAULO,6,1995,Sociedade Limitada
35213126841,RESTAURANTE CHOGUETO'S LTDA.,SAO PAULO,6,1995,Sociedade Limitada
35213126850,ARETUSA ARTES GRAFICAS LTDA.,OSASCO,6,1995,Sociedade Limitada
35213126868,BIO TEC PRODUTOS NATURAIS LTDA,SAO PAULO,6,1995,Sociedade Limitada
35213126876,ADAA TRANSPORTES RODOVIARIOS LTDA.,SAO BERNARDO DO CAMPO,6,1995,Sociedade Limitada
35213126884,N E T COMERCIO EXTERIOR LTDA.,SANTOS,6,1995,Sociedade Limitada
35213126892,MAQUINAS OCRIM LTDA.,SAO PAULO,6,1995,Sociedade Limitada
35213126906,JOOV MALHAS E MODAS LTDA.,SAO PAULO,6,1995,Sociedade Limitada
35213126914,PEREZ & MARTINS LOTERICA LTDA.,SAO PAULO,6,1995,Sociedade Limitada
35213126922,PLANETCOMP COMERCIO E SERVICOS DE INFORMATICA LTDA.,SAO PAULO,6,1995,Sociedade Limitada
35213126931,ARTIOLI & DARIO LTDA.,PEDERNEIRAS,6,1995,Sociedade Limitada
35213126949,EXPLOSAO TRANSPORTES LTDA.,GUARULHOS,6,1995,Sociedade Limitada
35213126957,ROSINI REPRESENTACOES LTDA.,SAO PAULO,6,1995,Sociedade Limitada
35213126965,ADMINISTRADORA PROFIT SHARING LTDA.,SAO PAULO,6,1995,Sociedade Limitada
35213126973,D & A DECORACOES - COMERCIO DE CORTINAS LTDA.,SAO PAULO,6,1995,Sociedade Limitada
35213126981,FRIO SAO PAULO DISTRIBUIDORA LTDA.,ITATIBA,6,1995,Sociedade Limitada
35213126990,HABITEC ENGENHARIA E CONSULTORIA LTDA.,SANTANA DE PARNAIBA,6,1995,Sociedade Limitada
35213127007,PARK PLACE COMERCIO DE ALIMENTOS E BEBIDAS LTDA,LORENA,6,1995,Sociedade Limitada
35213127015,"RONALDO E FATIMA AUTO PECAS, SOM E ACESSORIOS LTDA.",SAO PAULO,6,1995,Sociedade Limitada
35213127023,SSB - CONSULTORIA E COMERCIO LTDA.,BARUERI,6,1995,Sociedade Limitada
35213127031,REFRIGERAUTO COMERCIO E SERVICOS LTDA.,SAO PAULO,6,1995,Sociedade Limitada
35213127040,M. A. P. S. PNL LTDA.,SAO PAULO,6,1995,Sociedade Limitada
35213127058,MERCEARIA NOVO MUNDO REAL LTDA,SAO PAULO,6,1995,Sociedade Limitada
35213127066,ANJU COMERCIO DE ALIMENTOS LTDA,BAURU,6,1995,Sociedade Limitada
35213127074,FAEP-FROIO ADMINISTRACAO EMPREENDIMENTOS E PARTICIPACOES LTDA.,AVARE,6,1995,Sociedade Limitada
35213127082,IDEM INFORMATICA LTDA,SAO BERNARDO DO CAMPO,6,1995,Sociedade Limitada
35213127091,DROGA ASTRAL LTDA.,SAO PAULO,6,1995,Sociedade Limitada
35213127104,LAPTEC TECNOLOGIA E GERENCIAMENTO DE DADOS LTDA,SAO PAULO,6,1995,Sociedade Limitada
35213127112,J.J.J. SANTOS TRANSPORTES LTDA.,SERTAOZINHO,6,1995,Sociedade Limitada
35213127121,PADARIA DONARIA LTDA.,VALINHOS,6,1995,Sociedade Limitada
35213127139,MERCEARIA DISCOTECA LTDA.,SUZANO,6,1995,Sociedade Limitada
35213127147,EMANUEL COMERCIAL VAREJISTA DE PRODUTOS ALIMENTICIOS LTDA,MAUA,6,1995,Sociedade Limitada
35213127155,SILVIA PERFUMARIA E PRESENTE LTDA.,SAO PAULO,6,1995,Sociedade Limitada
35213127163,FOR TIME EMPREENDIMENTOS E PARTICIPACOES LTDA,TABOAO DA SERRA,6,1995,Sociedade Limitada
35213127171,MTB - MAXPARTS TRADE BRASIL LTDA.,SAO PAULO,6,1995,Sociedade Limitada
35213127180,PESQ FELIZ COMERCIO DE ARTIGOS DE PESCA LTDA.,SAO PAULO,6,1995,Sociedade Limitada
35213127198,EDMAP - ELETRICA LTDA.,SANTOS,6,1995,Sociedade Limitada
35213127201,OSWAL TINTAS LTDA,PIRACICABA,6,1995,Sociedade Limitada
35213127210,MADEIREIRA EXCELSIOR LTDA,DIADEMA,6,1995,Sociedade Limitada
35213127228,ESTRAFACCI TRANSPORTES LTDA.,SANTOS,6,1995,Sociedade Limitada
35213127236,CELASO PRODUTOS AGROPECUARIOS LTDA.,CAPAO BONITO,6,1995,Sociedade Limitada
35213127244,AXE E AXE IMPORTER AND EXPORTER LTDA,SAO PAULO,6,1995,Sociedade Limitada
35213127252,KI PEDRAS - COMERCIO MATERIAIS PARA CONSTRUCAO LTDA.,GARCA,6,1995,Sociedade Limitada
35213127261,ARCANJOS E VIRTUDES CONFECCOES LTDA,TAQUARITINGA,6,1995,Sociedade Limitada
35213127279,SARA ROSE COLLECTION LTDA.,GARCA,6,1995,Sociedade Limitada
35213127287,BUFFET CRISTINA CAFE PEROBAL LTDA,PIQUEROBI,6,1995,Sociedade Limitada
35213127295,COMERCIO DE GENEROS ALIMENTICIOS SAO PAULO LTDA,SAO PAULO,6,1995,Sociedade Limitada
35213127309,BRINDES SLLEPS LTDA.,SAO PAULO,6,1995,Sociedade Limitada
35213127317,TRUCKIN' CENTRO AUTOMOTIVO LTDA.,SAO PAULO,6,1995,Sociedade Limitada
35213127325,FABRICA SETE GRAFICA E EDITORA LTDA,BIRIGUI,6,1995,Sociedade Limitada
35213127333,ANELI INDUSTRIA E COMERCIO DE CONFECCOES LTDA.,ITAJOBI,6,1995,Sociedade Limitada
35213127341,INDUSTRIA DE CALCADOS BRANCAGLION LTDA,JAU,6,1995,Sociedade Limitada
35213127350,TANIBRI COMERCIO DE ALIMENTOS LTDA.,SAO PAULO,6,1995,Sociedade Limitada
35213127368,RERFIL LINGERIE E CONFECCOES LTDA.,GUARULHOS,6,1995,Sociedade Limitada
35213127376,SABIO & SOUZA LTDA.,CASTILHO,6,1995,Sociedade Limitada
35213127384,DIVA DONNA CONFECCOES LTDA.,SAO PAULO,6,1995,Sociedade Limitada
35213127392,YNA COMERCIO E REPRESENTACOES LTDA.,SAO BERNARDO DO CAMPO,6,1995,Sociedade Limitada
35213127406,JOSI PRODUTOS DESCARTAVEIS LTDA.,CAMPINAS,6,1995,Sociedade Limitada
35213127414,DIEGO BROWN IMPORTS & EXPORTS LTDA.,SAO PAULO,6,1995,Sociedade Limitada
35213127422,BETATEC ENGENHARIA LTDA,CAMPINAS,6,1995,Sociedade Limitada
35213127431,MARFAL INDUSTRIA E COMERCIO DE SILENCIOSOS LTDA.,CAMPO LIMPO PAULISTA,6,1995,Sociedade Limitada
35213127449,LOTERIAS RIBEIRAO PIRES LTDA.,RIBEIRAO PIRES,6,1995,Sociedade Limitada
35213127457,RESTAURANTE E LANCHONETE VIRADA DO RIO LTDA.,SAO PAULO,6,1995,Sociedade Limitada
35213127465,MR. CAP'S INDUSTRIA E COMERCIO E IMPORTACAO LTDA.,SAO PAULO,6,1995,Sociedade Limitada
35213127473,CONFECCOES GINI LTDA.,SAO PAULO,6,1995,Sociedade Limitada
35213127481,ZAMPIROM & FERNANDES LTDA.,JUNDIAI,6,1995,Sociedade Limitada
35213127490,J. R. S. PLATINA IMOBILIARIA E COMERCIO LTDA.,SAO PAULO,6,1995,Sociedade Limitada
35213127503,CRISTA INDUSTRIA E COMERCIO LTDA.,INDAIATUBA,6,1995,Sociedade Limitada
35213127511,MTW CONSULTORIA E INFORMATICA LTDA,COTIA,6,1995,Sociedade Limitada
35213127520,CAFFETERIA ITALIANA MACHINA AUTOMATICA,SAO PAULO,6,1995,Sociedade Limitada
35213127538,M. R. CARVALHO EXPRESS TRANSPORTES E SERVICOS LTDA.,SAO PAULO,6,1995,Sociedade Limitada
35213127546,BAR E LANCHES SAPOKAS LTDA.,SAO PAULO,6,1995,Sociedade Limitada
35213127554,CORTESA MODAS LTDA.,SAO PAULO,6,1995,Sociedade Limitada
35213127562,"PLANEP PLANEJAMENTO, COMERCIO E IMPORTACAO LTDA.",SAO PAULO,6,1995,Sociedade Limitada
35213127571,LUSEG CONFERENCIA DE DOCUMENTOS PARA SEGURADORAS LTDA.,SAO PAULO,6,1995,Sociedade Limitada
35213127589,OBANUTRI COMERCIO DE REFEICOES LTDA.,SAO PAULO,6,1995,Sociedade Limitada
35213127597,VIP VIAGENS E TURISMO REPRESENTACOES LTDA.,SAO PAULO,6,1995,Sociedade Limitada
35213127601,GIHELLU'S ROTSSERIE LTDA.,SAO PAULO,6,1995,Sociedade Limitada
35213127619,HG PARK ESTACIONAMENTO LTDA.,SAO PAULO,6,1995,Sociedade Limitada
35213127627,NATURAL DISTRIBUIDORA HORTIFRUTIGRANJEIROS LTDA,SAO PAULO,6,1995,Sociedade Limitada
35213127635,MC MULTI COLLECT COMERCIAL LTDA,SAO PAULO,6,1995,Sociedade Limitada
35213127643,QUINTINO KENHITE HAMA & CIA LTDA.,MONTE ALTO,6,1995,Sociedade Limitada
35213127651,MERCADINHO PERES SUZANO LTDA.,SUZANO,6,1995,Sociedade Limitada
35213127660,SUPERMERCADO ASTRAL LTDA,MAIRINQUE,6,1995,Sociedade Limitada
35213127678,ABC COMERCIO DE TINTAS E FERRAGENS LTDA.,SAO BERNARDO DO CAMPO,6,1995,Sociedade Limitada
35213127686,NENI PRESENTES LTDA.,SAO PAULO,6,1995,Sociedade Limitada
35213127694,KETLER CONFECCOES E CALCADOS LTDA.,SAO PAULO,6,1995,Sociedade Limitada
35213127708,SOFTFORCE INFORMATICA LTDA,SAO PAULO,6,1995,Sociedade Limitada
35213127716,MARCONPET BAR E LANCHONETE LTDA.,SAO PAULO,6,1995,Sociedade Limitada
35213127724,SILEMAR MATERIAIS PARA CONSTRUCOES LTDA.,SAO PAULO,6,1995,Sociedade Limitada
35213127732,IRMAOS RIGONATTI & CIA. LTDA.,OSASCO,6,1995,Sociedade Limitada
35213127741,FAT NO MORE ACADEMIA E COMERCIO LTDA.,CAMPINAS,6,1995,Sociedade Limitada
35213127759,AVICULTURA E PLANTAS ORNAMENTAIS BALUARTE LTDA,OSASCO,6,1995,Sociedade Limitada
35213127767,FONTE SERENA DE AGUAS MINERAIS LTDA,VARGEM GRANDE DO SUL,6,1995,Sociedade Limitada
35213127775,WEISS BRAUN COMERCIO IMPORTACAO E EXPORTACAO REPRESENTACOES COMERCIAIS LTDA,SAO PAULO,6,1995,Sociedade Limitada
35213127783,HELGRAF GRAFICA E PAPELARIA LTDA.,SAO PAULO,6,1995,Sociedade Limitada
35213127791,ANTILHAS PETROLEUM DISTRIBUIDORA DE COMBUSTIVEIS E LUBRIFICANTES LTDA.,SAO PAULO,6,1995,Sociedade Limitada
35213127805,INTERLINK LOGISTICA COMERCIAL LTDA.,SAO PAULO,6,1995,Sociedade Limitada
35213127813,EXTREME COMERCIO E LOCADORA DE FITAS LTDA.,SAO PAULO,6,1995,Sociedade Limitada
35213127821,GRAVADORA GEORGIA COLUMBIA RECORDS LTDA.,SAO PAULO,6,1995,Sociedade Limitada
35213127830,OTMO BRIL INDUSTRIA E COMERCIO LTDA.,ITAQUAQUECETUBA,6,1995,Sociedade Limitada
35213127848,IBERCAR COMERCIO DE VEICULOS E PECAS LTDA.,AMERICANA,6,1995,Sociedade Limitada
35213127856,GRF VIAGENS E TURISMO LTDA.,SAO PAULO,6,1995,Sociedade Limitada
35213127864,PRO ORION COMERCIAL IMPORTADORA E EXPORTADORA LTDA.,GUARULHOS,6,1995,Sociedade Limitada
35213127872,FRUTO VERDE AGRO DISTRIBUIDORA LTDA.,OSASCO,6,1995,Sociedade Limitada
35213127881,L. S. COMERCIO REPRESENTACOES ADMINISTRACAO E SERVICOS LTDA.,LORENA,6,1995,Sociedade Limitada
35213127899,CONES SUL INDUSTRIA ELETOMETALURGICA LTDA.,ATIBAIA,6,1995,Sociedade Limitada
35213127902,W. MOREIRA COMERCIO DE PRODUTOS ELETROMECANICOS LTDA.,SAO JOSE DO RIO PRETO,6,1995,Sociedade Limitada
35213127911,PONDIE MERCEARIA LTDA,SAO VICENTE,6,1995,Sociedade Limitada
35213127929,CASPER LTDA.,SANTOS,6,1995,Sociedade Limitada
35213127937,PIZZARIA E LANCHONETE DO ITO LTDA,MARILIA,6,1995,Sociedade Limitada
35213127945,ARO ARO COMERCIO DE ALIMENTOS LTDA.,RIBEIRAO PRETO,6,1995,Sociedade Limitada
35213127953,"RED PORT PRESENTES, COMERCIO, IMPORTACAOE EXPORTACAO LTDA.",SAO PAULO,6,1995,Sociedade Limitada
35213127961,ADEGA E MERCEARIA YASSUDA LTDA.,TABOAO DA SERRA,6,1995,Sociedade Limitada
35213127970,ACESSO CONSULTORIA E COMERCIO EXTERIOR LTDA,ITAPECERICA DA SERRA,6,1995,Sociedade Limitada
35213127988,LETHIRR PRODUTOS FARMACEUTICOS LTDA.,OSASCO,6,1995,Sociedade Limitada
35213127996,SOUSA E CARVALHO COMERCIO DE VEICULOS LTDA.,OSASCO,6,1995,Sociedade Limitada
35213128003,EMI'S COMERCIAL & SERVICOS LTDA.,CAMPINA DO MONTE ALEGRE,6,1995,Sociedade Limitada
35213128011,MERCO PASSARO LTDA.,GUAPIARA,6,1995,Sociedade Limitada
35213128020,DGWARE INFORMATICA LTDA,PIRACICABA,6,1995,Sociedade Limitada
35213128038,BASSANI REPRESENTACOES COMERCIAIS LTDA,SAO PAULO,6,1995,Sociedade Limitada
35213128046,CLAUDIO GUEDES COMERCIO E SERVICOS LTDA.,SAO PAULO,6,1995,Sociedade Limitada
35213128054,BFI SERVICOS E PARTICIPACOES LTDA,SAO PAULO,6,1995,Sociedade Limitada
35213128062,ROCHA & RIGONI LTDA,CARAPICUIBA,6,1995,Sociedade Limitada
35213128071,FRANGO FRITO S. LITHOLDO LTDA.,RIO CLARO,6,1995,Sociedade Limitada
35213128089,AGATHON MULTIMIDIA LTDA.,SAO PAULO,6,1995,Sociedade Limitada
35213128097,LANCHONETE E PIZZARIA FELLINI LTDA.,SAO PAULO,6,1995,Sociedade Limitada
35213128101,NOVA PARADISO OFICINA MECANICA E COMERCIO DE PECAS LTDA.,GUARULHOS,6,1995,Sociedade Limitada
35213128119,REDE DE PUBLICACOES LTDA.,SAO PAULO,6,1995,Sociedade Limitada
35213128127,VS EMPREENDIMENTOS E PARTICIPACOES LTDA,SAO PAULO,6,1995,Sociedade Limitada
35213128135,TRANSPORTE RODOVIARIO IRMAOS EMILIO SANTOS LTDA.,SAO PAULO,6,1995,Sociedade Limitada
35213128143,TEMPERA REFUSAO DE METAIS LTDA.,ITAQUAQUECETUBA,6,1995,Sociedade Limitada
35213128151,MULTIENGENHARIA LTDA,CAMPINAS,6,1995,Sociedade Limitada
35213128160,FRALBELLI DISTRIBUIDORA DE PRODUTOS HIGIENICOS LTDA.,SAO PAULO,6,1995,Sociedade Limitada
35213128178,DANGIU DOCES E SALGADOS LTDA.,SAO PAULO,6,1995,Sociedade Limitada
35213128186,ROBERG PRODUTOS SAUDAVEIS LTDA.,PIEDADE,6,1995,Sociedade Limitada
35213128194,KILAPHANTA COMERCIO E SERVICOS DE INFORMATICA LTDA,EMBU-GUACU,6,1995,Sociedade Limitada
35213128208,ALDEBARAN CONFECCOES LTDA.,SOROCABA,6,1995,Sociedade Limitada
35213128216,PETROLUSA PRODUTOS AUTOMOTIVOS LTDA,SOROCABA,6,1995,Sociedade Limitada
35213128224,GOOD LUCK DIVERSOES ELETRONICAS LTDA,SAO PAULO,6,1995,Sociedade Limitada
35213128232,B R C REPRESENTACOES COMERCIAIS LTDA.,SAO PAULO,6,1995,Sociedade Limitada
35213128241,AR DELES FILTROS AUTOMORIVOS LTDA.,SAO PAULO,6,1995,Sociedade Limitada
35213128259,FARMACIA DE MANIPULACAO ALOPATICA MARNA LTDA,ARARAQUARA,6,1995,Sociedade Limitada
35213128267,DANIEL JUSTINO DA SILVA & CIA LTDA,OSVALDO CRUZ,6,1995,Sociedade Limitada
35213128275,ALMEIDA AGUIAR & AGUIAR LTDA,ITAPETININGA,6,1995,Sociedade Limitada
35213128283,SKIP ENGENHARIA INDUSTRIA E COMERCIO LTDA,SAO PAULO,6,1995,Sociedade Limitada
35213128291,RNS MANUTENCAO E COMERCIO LTDA.,OSASCO,6,1995,Sociedade Limitada
35213128305,ASCOR COMERCIO E REPRESENTACOES DE AUTO PECAS LTDA.,SAO PAULO,6,1995,Sociedade Limitada
35213128313,EQUIPE TANQUE COMERCIO E SERVICOS LTDA.,PRAIA GRANDE,6,1995,Sociedade Limitada
35213128321,ENDIVIA'S COMERCIO DE ALIMENTOS LTDA,SAO PAULO,6,1995,Sociedade Limitada
35213128330,OMARIA COMERCIO DE EQUIPAMENTOS ELETRICOS LTDA,SAO PAULO,6,1995,Sociedade Limitada
35213128348,J.M.D.KRIN COMERCIO E DEDETIZACAO LTDA.,SAO PAULO,6,1995,Sociedade Limitada
35213128356,SANTORO PARTICIPACOES LTDA,SAO PAULO,6,1995,Sociedade Limitada
35213128364,COMERCIAL AGESC LTDA.,SAO PAULO,6,1995,Sociedade Limitada
35213128372,PINHAL DISTRIBUIDORA DE PETROLEO E DERIVADOS LTDA.,ESPIRITO SANTO DO PINHAL,6,1995,Sociedade Limitada
35213128381,PANIFICADORA RAINHA DO ARPOADOR LTDA,PERUIBE,6,1995,Sociedade Limitada
35213128399,MADEIREIRA AM LTDA,COTIA,6,1995,Sociedade Limitada
35213128402,PRINCESS LANCHONETE LTDA,SAO PAULO,6,1995,Sociedade Limitada
35213128411,URBANIZADORA SAO DOMINGOS LTDA,BARRA BONITA,6,1995,Sociedade Limitada
35213128429,"INFOTRADE IMPORTACAO E EXPORTACAO, COMERCIO E CONSULTURIA DE INFORMATICA LTDA.",PRESIDENTE PRUDENTE,6,1995,Sociedade Limitada
35213128437,COMERCIAL NOVA ERA DE ALIMENTOS LTDA.,ESTIVA GERBI,6,1995,Sociedade Limitada
35213128445,CANTINHO DA ANA SELF-SERVICE LTDA.,SAO PAULO,6,1995,Sociedade Limitada
35213128453,SILVA SACCHI-PIZZARIA LTDA,CATANDUVA,6,1995,Sociedade Limitada
35213128461,SETCO - FLORESTAL E AGRICOLA LTDA.,SAO PAULO,6,1995,Sociedade Limitada
35213128470,RUIZ & JANTOMAZI LTDA.,NOVO HORIZONTE,6,1995,Sociedade Limitada
35213128488,AUTO POSTO ALBERTA LTDA.,HORTOLANDIA,6,1995,Sociedade Limitada
35213128496,A CASA DOS PLASTICOS VOTUPORANGA LTDA.,VOTUPORANGA,6,1995,Sociedade Limitada
35213128500,LOPES & FEITOSA CONSTRUTORA LTDA,ILHA SOLTEIRA,6,1995,Sociedade Limitada
35213128518,KOUROCHIC - INDUSTRIA DE BOLSAS LTDA,TANABI,6,1995,Sociedade Limitada
35213128526,LINHAVAL INDUSTRIAL E COMERCIAL LTDA.,SAO PAULO,6,1995,Sociedade Limitada
35213128534,POSTO DE SERVICOS ANASMAR LTDA.,SAO PAULO,6,1995,Sociedade Limitada
35213128551,ACHIMO EMPREITEIRA DE MAO DE OBRA LTDA.,ITAPEVI,6,1995,Sociedade Limitada
35213128569,E.V.R. - FOMENTO MERCANTIL LTDA.,SANTOS,6,1995,Sociedade Limitada
35213128577,AL PALE'S RESTAURANTE E PIZZARIA LTDA.,SANTOS,6,1995,Sociedade Limitada
35213128585,CARAM COMISSARIA DE DESPACHOS LTDA.,SANTOS,6,1995,Sociedade Limitada
35213128593,BORIN E CREACE LTDA,VINHEDO,6,1995,Sociedade Limitada
35213128607,MARFGRAFICA LTDA.,SAO PAULO,6,1995,Sociedade Limitada
35213128615,USIJUN USINAGEM JUNDIAI LTDA.,JUNDIAI,6,1995,Sociedade Limitada
35213128623,ALTERNATIVA FASHION INDUSTRIA E COMERCIO DE CONFECCOES LTDA.,SAO PAULO,6,1995,Sociedade Limitada
35213128631,FRANGO AZUL COMERCIO DE PRODUTOS ALIMENTICIOS LTDA.,SUMARE,6,1995,Sociedade Limitada
35213128640,SENS... CONFECCOES LTDA.,GUARUJA,6,1995,Sociedade Limitada
35213128658,SILVA & SOUZA DE VALINHOS LTDA.,VALINHOS,6,1995,Sociedade Limitada
35213128666,ADAE EMPREENDIMENTOS E PARTICIPACOES LTDA,SAO PAULO,6,1995,Sociedade Limitada
35213128674,LA DOLCE VITA LIQUIDOS E COMESTIVEIS FINOS LTDA.,SAO PAULO,6,1995,Sociedade Limitada
35213128682,CARE & SAFE INDUSTRIA E COMERCIO DE CONFECCOES LTDA.,SAO PAULO,6,1995,Sociedade Limitada
35213128691,AUTO POSTO ROTA 66 LTDA.,COTIA,6,1995,Sociedade Limitada
35213128704,ART DESIGN COMPUTER COMERCIO E SERVICOS DE INFORMATICA LTDA.,SANTANA DE PARNAIBA,6,1995,Sociedade Limitada
35213128712,KANADANI COMERCIO E SERVICOS DE INFORMATICA LTDA,SANTANA DE PARNAIBA,6,1995,Sociedade Limitada
35213128721,ASIMAC CONFECCOES LTDA.,SAO PAULO,6,1995,Sociedade Limitada
35213128739,TELE-LEME COMERCIO E SERVICOS LTDA.,SAO PAULO,6,1995,Sociedade Limitada
35213128747,LANCHONETE FRANKAO LTDA.,SAO PAULO,6,1995,Sociedade Limitada
35213128755,FARMACIA MAGISTRAL PEIXOTO GOMIDE LTDA,SAO PAULO,6,1995,Sociedade Limitada
35213128763,TUTTO CORATO ARTIGOS DO VESTUARIOS LTDA.,SAO PAULO,6,1995,Sociedade Limitada
35213128771,ENGEMAN MANUTENCAO E INSTALACOES PREDIAIS LTDA.,SAO PAULO,6,1995,Sociedade Limitada
35213128780,YRUAMA MADEIRAS E MATERIAIS PARA CONSTRUCAO LTDA,SANTO ANDRE,6,1995,Sociedade Limitada
35213128798,J.L.M. FAST FOOD LTDA.,SAO CAETANO DO SUL,6,1995,Sociedade Limitada
35213128801,ANYEL COMERCIO E DISTRIBUIDORA DE COSMETICOS LTDA.,SAO PAULO,6,1995,Sociedade Limitada
35213128810,PEDRA AZUL JOIAS LTDA.,SAO PAULO,6,1995,Sociedade Limitada
35213128828,INDACERES INDUSTRIA E COMERCIO DE CEREAIS LTDA.,INDAIATUBA,6,1995,Sociedade Limitada
35213128836,MADEIREIRA E SERRALHERIA BELA VISTA LTDA,INDAIATUBA,6,1995,Sociedade Limitada
35213128844,GREENPEL PAPELARIA LTDA,SAO PAULO,6,1995,Sociedade Limitada
35213128852,DE MARTINI INDUSTRIA E COMERCIO DE PRODUTOS QUIMICOS LTDA.,GUARULHOS,6,1995,Sociedade Limitada
35213128861,CALDATO MATERIAL DE CONSTRUCAO LTDA.,SAO PAULO,6,1995,Sociedade Limitada
35213128879,STARSET ARTES GRAFICAS LTDA,SAO PAULO,6,1995,Sociedade Limitada
35213128887,IRMAOS MESCHIATTI E CIA LTDA,AMPARO,6,1995,Sociedade Limitada
35213128895,HOCUS - POCUS VIDEO LOCADORA LTDA,SAO PAULO,6,1995,Sociedade Limitada
35213128909,TSUCHI ASSESSORIA IMPORTACAO E EXPORTACAO LTDA.,SAO PAULO,6,1995,Sociedade Limitada
35213128917,SATORI EDITORA LTDA,SAO PAULO,6,1995,Sociedade Limitada
35213128925,FAST CHINA LTDA,SAO PAULO,6,1995,Sociedade Limitada
35213128933,PROCALD EQUIPAMENTOS INDUSTRIAIS E SERVICOS LTDA.,JUNDIAI,6,1995,Sociedade Limitada
35213128941,AGUERA E CAMARGO LTDA,JUNDIAI,6,1995,Sociedade Limitada
35213128950,DI BARONE ARTIGOS PARA PRESENTES LTDA,JUNDIAI,6,1995,Sociedade Limitada
35213128968,FERREIRA LIMA & VIEIRA DOS SANTOS LTDA,LIMEIRA,6,1995,Sociedade Limitada
35213128976,CALIFORNIA RIO PRETO TRANSPORTES LTDA,SAO JOSE DO RIO PRETO,6,1995,Sociedade Limitada
35213128984,INDUSTRIA E COMERCIO D'VILLIS LTDA.,SAO JOSE DO RIO PRETO,6,1995,Sociedade Limitada
35213128992,NATAL JOSE DE OLIVEIRA & CIA. LTDA.,MIRASSOL,6,1995,Sociedade Limitada
35213129000,FERRAT ABC USINAGEM INDUSTRIAL LTDA.,SANTO ANDRE,6,1995,Sociedade Limitada
35213129018,TENENTE'S - REPRESENTACAO COMERCIAL E SERVICOS DE RECEPCAO LTDA.,SANTO ANDRE,6,1995,Sociedade Limitada
35213129026,TAPECARIA LUMA LTDA.,LIMEIRA,6,1995,Sociedade Limitada
35213129034,DEGASPERI & GUIDA LTDA.,TAUBATE,6,1995,Sociedade Limitada
35213129042,PAULISTAO ATLANTICO MATERIAIS PARA CONSTRUCAO LTDA.,SAO SEBASTIAO,6,1995,Sociedade Limitada
35213129051,VIDRAGUA DISTRIBUIDORA DE AGUA LTDA.,PRAIA GRANDE,6,1995,Sociedade Limitada
35213129069,PRENDAS PRODUTOS DE LIMPEZA LTDA.,GUARUJA,6,1995,Sociedade Limitada
35213129077,MODENA MOTORES COMERCIO E SERVICOS LTDA.,PRAIA GRANDE,6,1995,Sociedade Limitada
35213129085,ERILENE COMERCIO DE PERFUMARIA E COSMETICOS LTDA.,SAO PAULO,6,1995,Sociedade Limitada
35213129093,MARIA MARIA CABELO E CORPO LTDA,SAO PAULO,6,1995,Sociedade Limitada
35213129107,CLICK & FESTAS LTDA,SAO BERNARDO DO CAMPO,6,1995,Sociedade Limitada
35213129115,CORTEZE E CORTEZE LTDA,SERTAOZINHO,6,1995,Sociedade Limitada
35213129123,VELO-DIDIO COMERCIO DE PECAS E ACESSORIOS LTDA,RIBEIRAO PRETO,6,1995,Sociedade Limitada
35213129131,CONTRIVE COMERCIO CONSULTORIA E INFORMATICA LTDA.,BAURU,6,1995,Sociedade Limitada
35213129140,GRACIOLLI & FARIA LTDA,BAURU,6,1995,Sociedade Limitada
35213129158,ELV'S COMERCIAL E DISTRIBUIDORA LTDA.,SAO PAULO,6,1995,Sociedade Limitada
35213129166,FURQUIM INDUSTRIA E COMERCIO DE SUCOS LTDA.,GETULINA,6,1995,Sociedade Limitada
35213129174,"WORDSHOP - LIVRARIA, PAPELARIA E CONVENIENCIA LTDA.",SAO PAULO,6,1995,Sociedade Limitada
35213129182,UKI-TUKI INDUSTRIA E COMERCIO DE BRINQUEDOS EDUCATIVOS LTDA.,SAO PAULO,6,1995,Sociedade Limitada
35213129191,CECON TINTAS LTDA.,ITATIBA,6,1995,Sociedade Limitada
35213129204,COSTI REPRESENTACOES LTDA.,SAO BERNARDO DO CAMPO,6,1995,Sociedade Limitada
35213129212,L & R BAZAR E CONFECCOES LTDA.,SAO PAULO,6,1995,Sociedade Limitada
35213129221,IMPERIAL COMERCIO DE FERRAGENS E FERRAMENTAS LTDA.,SAO PAULO,6,1995,Sociedade Limitada
35213129239,AUTO ELETRICA BAGUACU LTDA.,ARACATUBA,6,1995,Sociedade Limitada
35213129247,TECNO-TINTAS INDUSTRIA E COMERCIO LTDA,AVANHANDAVA,6,1995,Sociedade Limitada
35213129255,DEFAULT INFORMATICA DE BAURU LTDA.,BAURU,6,1995,Sociedade Limitada
35213129263,FIGUEROBA & FATORI LTDA.,ARACATUBA,6,1995,Sociedade Limitada
35213129271,CAMELBACK COMERCIO DE VEICULOS AUTOMOTORES LTDA,SAO PAULO,6,1995,Sociedade Limitada
35213129280,"SCALA COMERCIO, IMPORTACAO E EXPORTACAO LTDA",JUNDIAI,6,1995,Sociedade Limitada
35213129298,DILEAUTO COMERCIO DE PECAS LTDA.,TABOAO DA SERRA,6,1995,Sociedade Limitada
35213129301,BOMBONIERI IRMAOS COSTA LTDA.,SANTANA DE PARNAIBA,6,1995,Sociedade Limitada
35213129310,BEIRA MAR COMERCIO DE PRODUTOS ALIMENTICIOS LTDA.,SAO PAULO,6,1995,Sociedade Limitada
35213129328,PLASBRINQ INDUSTRIA E COMERCIO LTDA.,PIRACICABA,6,1995,Sociedade Limitada
35213129336,CENTRO OTICO VISION DE JACAREI LTDA.,JACAREI,6,1995,Sociedade Limitada
35213129344,TRANSPORTADORA ALCA LTDA.,RIO DAS PEDRAS,6,1995,Sociedade Limitada
35213129352,S E A - CALCADOS E ARTIGOS FEMININOS LTDA.,PIRACICABA,6,1995,Sociedade Limitada
35213129361,FARIA & CAROSELLI COMERCIO DE BRINDES LTDA.,SAO JOSE DOS CAMPOS,6,1995,Sociedade Limitada
35213129379,STURGIS ALIMENTOS LTDA.,SAO PAULO,6,1995,Sociedade Limitada
35213129387,LAIKA COMERCIAL LTDA.,SAO PAULO,6,1995,Sociedade Limitada
35213129395,CONSTRULAR CONSTRUCOES LTDA,AMPARO,6,1995,Sociedade Limitada
35213129409,APOIO LIMPEZA INDUSTRIAL LTDA.,ITAQUAQUECETUBA,6,1995,Sociedade Limitada
35213129417,VULCANO INDUSTRIA E COMERCIO DE FERRAMENTAS LTDA,SAO PAULO,6,1995,Sociedade Limitada
35213129425,LEG ENGENHARIA LTDA,SAO JOSE DOS CAMPOS,6,1995,Sociedade Limitada
35213129433,LUZIA POLI COMERCIO DE PRODUTOS IMPORTADOS LTDA.,SAO PAULO,6,1995,Sociedade Limitada
35213129441,SHELDON DO BRASIL - PARTICIPACOES LTDA.,SAO PAULO,6,1995,Sociedade Limitada
35213129450,IMPERIO ASSESSORIA EM INFORMACOES LTDA.,SAO PAULO,6,1995,Sociedade Limitada
35213129468,FLORICULTURA FLAMBOYANT DE CAMPINAS LTDA,CAMPINAS,6,1995,Sociedade Limitada
35213129476,GAMA COMERCIO DE MATERIAL DE LIMPEZA LTDA.,SAO PAULO,6,1995,Sociedade Limitada
35213129484,CENAUT CENTRO AUTOMOTIVO LTDA.,SAO PAULO,6,1995,Sociedade Limitada
35213129492,MODEM-COMERCIO DE INFORMATICA LTDA.,SAO PAULO,6,1995,Sociedade Limitada
35213129506,PERUTTI COMERCIO E REPRESENTACAO LTDA.,SAO PAULO,6,1995,Sociedade Limitada
35213129514,SODATSU PROPAGANDA E DESIGN LTDA.,SAO PAULO,6,1995,Sociedade Limitada
35213129522,LACERDA SOCIEDADE COMERCIAL IMOBILIARIA LTDA.,SAO PAULO,6,1995,Sociedade Limitada
35213129531,FOOD PART INDUSTRIA E COMERCIO LTDA,SAO PAULO,6,1995,Sociedade Limitada
35213129549,VETTORE INFORMATICA LTDA.,SAO PAULO,6,1995,Sociedade Limitada
35213129557,OVERCAST CONFECCOES LTDA.,SAO PAULO,6,1995,Sociedade Limitada
35213129565,PRESTO ACABAMENTO GRAFICO LTDA.,SAO PAULO,6,1995,Sociedade Limitada
35213129573,IDEMITSU INTERNACIONAL AMERICA LATINA - INDUSTRIA E COMERCIO LTDA.,SAO PAULO,6,1995,Sociedade Limitada
35213129581,ITW DO BRASIL INDUSTRIAL E COMERCIAL LTDA.,CABREUVA,6,1995,Sociedade Limitada
35213129590,SSB PARTICIPACOES LTDA.,PIRACICABA,6,1995,Sociedade Limitada
35213129603,JL-ATELIER DE COSTURA LTDA.,BAURU,6,1995,Sociedade Limitada
35213129611,SUPERMERCADO REAL - CAJOBI - LTDA.,CAJOBI,6,1995,Sociedade Limitada
35213129620,ROSALVO PRATES & PRATES LTDA.,GUARARAPES,6,1995,Sociedade Limitada
35213129638,MERCADINHO C & J LTDA.,SAO PAULO,6,1995,Sociedade Limitada
35213129646,PINHEIRAL INDUSTRIA E COMERCIO DE PAPEIS LTDA.,MAIRIPORA,6,1995,Sociedade Limitada
35213129654,CHACARA NOSSO SONHO COMERCIAL LTDA .,TABOAO DA SERRA,6,1995,Sociedade Limitada
35213129662,ODORICIO & ODORICIO LTDA.,PEREIRA BARRETO,6,1995,Sociedade Limitada
35213129671,TRAMARTE TAPETES ARTESANAIS LTDA,BARRETOS,6,1995,Sociedade Limitada
35213129689,RADE COMERCIO E REPRESENTACOES LTDA.,SAO PAULO,6,1995,Sociedade Limitada
35213129697,L.M.L. REPRESENTACOES LTDA.,SAO PAULO,6,1995,Sociedade Limitada
35213129701,AVLAFER ACOS ESPECIAIS LTDA.,SAO BERNARDO DO CAMPO,6,1995,Sociedade Limitada
35213129719,PEREO-COMERCIO DE FRUTAS E VERDURAS LTDA.,CAJOBI,6,1995,Sociedade Limitada
35213129727,FUTURE COMPANY COMERCIO E SERVICOS DE INFORMATICA LTDA.,SAO PAULO,6,1995,Sociedade Limitada
35213129735,ARRUDA & MASCARELI LTDA.,MOGI-GUACU,6,1995,Sociedade Limitada
35213129743,ANTONIO NATANAIR FERREIRA & CIA LTDA -ME,AMERICANA,6,1995,Sociedade Limitada
35213129751,JUNIOR'S DIV PRODUTOS DE LIMPEZA LTDA.,SAO PAULO,6,1995,Sociedade Limitada
35213129760,PORLAN DROGARIA LTDA,SAO PAULO,6,1995,Sociedade Limitada
35213129778,TOCA DO PERU LANCHONETE LTDA.,SUZANO,6,1995,Sociedade Limitada
35213129786,J.M.F. LOBO E CIA. LTDA.,TAUBATE,6,1995,Sociedade Limitada
35213129794,JAMSAL INDUSTRIA E COMERCIO LTDA.,TREMEMBE,6,1995,Sociedade Limitada
35213129808,JOA EMPREENDIMENTOS TURISTICOS LTDA.,SAO PAULO,6,1995,Sociedade Limitada
35213129816,CHAUBET COMERCIAL LTDA.,SAO PAULO,6,1995,Sociedade Limitada
35213129824,FERRAGENS SANTA EDWIGES DE SANTOS LTDA.,SANTOS,6,1995,Sociedade Limitada
35213129832,O. A. TRINTA & UMBELINA LTDA.,SANTOS,6,1995,Sociedade Limitada
35213129841,PADARIA NOVA SAO VICENTE LTDA.,SAO VICENTE,6,1995,Sociedade Limitada
35213129859,LION-SANTOS SERVICOS TEMPORARIOS LTDA,SANTOS,6,1995,Sociedade Limitada
35213129867,M.C. XISTO E CIA LTDA.,SANTOS,6,1995,Sociedade Limitada
35213129875,SOUZA & TANIGUCHI LANCHES LTDA,SANTOS,6,1995,Sociedade Limitada
35213129883,SAMURAI DO GUARUJA LANCHONETE E VIDEO LTDA,GUARUJA,6,1995,Sociedade Limitada
35213129891,DENTAL SUPRIENDENT PRODUTOS ODONTOLOGICOS LTDA,MOGI DAS CRUZES,6,1995,Sociedade Limitada
35213129905,FACONI REPRESENTACOES LTDA,SAO PAULO,6,1995,Sociedade Limitada
35213129913,CASSANO & PIRES BARBOSA LTDA.,BARRA BONITA,6,1995,Sociedade Limitada
35213129921,LAZARO E NASCIMENTO MERCEARIA LTDA,BARUERI,6,1995,Sociedade Limitada
35213129930,BAZAR E PAPELARIA APLICACAO LTDA,CARAPICUIBA,6,1995,Sociedade Limitada
35213129948,A L B COMERCIO DE SUCATAS LTDA.,OSASCO,6,1995,Sociedade Limitada
35213129956,EASE EQUIPAMENTOS ESTUDIO LTDA,COTIA,6,1995,Sociedade Limitada
35213129964,PAM TUR VIAGENS E TURISMO LTDA.,SAO PAULO,6,1995,Sociedade Limitada
35213129972,PORTO & FERREYRA COMERCIO E SERVICOS LTDA,SAO PAULO,6,1995,Sociedade Limitada
35213129981,PERTUTTI COMERCIO DE MASSAS E VINHOS LTDA,OSASCO,6,1995,Sociedade Limitada
35213129999,PIZZARIA NONNO DINO LTDA.,SAO PAULO,6,1995,Sociedade Limitada
35213130008,CLOWN PRODUCOES LTDA.,SAO PAULO,6,1995,Sociedade Limitada
35213130016,BERGAMASCHI E CANDIDO DISTRIBUIDORA DE ALIMENTOS LTDA.,SAO PAULO,6,1995,Sociedade Limitada
35213130024,VARONELI MOTOS E ACESSORIOS LTDA,GARCA,6,1995,Sociedade Limitada
35213130032,FERREIRA COMERCIO E REPRESENTACOES LTDA.,FRANCA,6,1995,Sociedade Limitada
35213130041,GOMES & ARAUJO LTDA.,FRANCA,6,1995,Sociedade Limitada
35213130059,N. & C. EDICOES CULTURAIS LTDA.,FRANCA,6,1995,Sociedade Limitada
35213130067,OTICA BARBOSA GENARI LTDA.,GUARA,6,1995,Sociedade Limitada
35213130075,SOARES ROCHA & CIA LTDA.,FRANCA,6,1995,Sociedade Limitada
35213130083,COMERCIAL MAURA E CASSIANO LTDA,SAO PAULO,6,1995,Sociedade Limitada
35213130091,R. R. HARDWARE COMERCIO DE EQUIPAMENTOS SUPRIMENTOS E SERVICOS PARA INFORMATICA LTDA,ASSIS,6,1995,Sociedade Limitada
35213130105,BAZAR E ARMARINHOS BRUTININHA LTDA.,SAO PAULO,6,1995,Sociedade Limitada
35213130113,LEADER COMERCIAL E DISTRIBUIDORA DE OCULOS LTDA,SAO PAULO,6,1995,Sociedade Limitada
35213130121,STAR-7 COMUNICACOES LTDA.,POA,6,1995,Sociedade Limitada
35213130130,J. LAR MOVEIS E DECORACOES LTDA.,SAO PAULO,6,1995,Sociedade Limitada
35213130148,NAKED CONFECCOES LTDA,SAO BERNARDO DO CAMPO,6,1995,Sociedade Limitada
35213130156,FIBER MODULOS COMERCIAL LTDA.,COTIA,6,1995,Sociedade Limitada
35213130164,COQUELUCHE'S PRESENTES ASPEN MALL LTDA,CAMPOS DO JORDAO,6,1995,Sociedade Limitada
35213130172,DROGARIA E PERFUMARIA CENTRAL DO BARRO BRANCO LTDA,SAO PAULO,6,1995,Sociedade Limitada
35213130181,EDITORA ELETRONICA BOWL SOFTWARES LTDA.,SAO PAULO,6,1995,Sociedade Limitada
35213130199,M. M. COMERCIO DE BATATAS LTDA.,PINHALZINHO,6,1995,Sociedade Limitada
35213130202,GIANCHINI & SOUZA LTDA.,BAURU,6,1995,Sociedade Limitada
35213130211,CRISTAL JEANS CONFECCOES LTDA.,SAO PAULO,6,1995,Sociedade Limitada
35213130229,CRISIMPORT COMERCIO DE MARILIA LTDA.,MARILIA,6,1995,Sociedade Limitada
35213130237,R. M REPRESENTACOES SAO CARLOS LTDA.,SAO CARLOS,6,1995,Sociedade Limitada
35213130245,CARCELIM & SILVA LTDA,RIBEIRAO PRETO,6,1995,Sociedade Limitada
35213130253,MARIA DAS GRACAS RUIZ & CIA LTDA,BARRA BONITA,6,1995,Sociedade Limitada
35213130261,COMERCIAL DUNGARO'S LTDA.,BAURU,6,1995,Sociedade Limitada
35213130270,MELO & MELO LINS LTDA.,LINS,6,1995,Sociedade Limitada
35213130288,CALDEMIG CALDEIRARIA E MONTAGENS INDUSTRIAIS GOMES LTDA.,ARARAQUARA,6,1995,Sociedade Limitada
35213130296,CAMALEAO MULTIMIDIA LTDA,BROTAS,6,1995,Sociedade Limitada
35213130300,ARMANDO CAETANO & CIA LTDA,IRAPURU,6,1995,Sociedade Limitada
35213130318,KILATE COMERCIAL LTDA.,CASA BRANCA,6,1995,Sociedade Limitada
35213130326,PLASBEL INDUSTRIA E COMERCIO DE PLASTICOS LTDA.,JUNDIAI,6,1995,Sociedade Limitada
35213130334,7 ESTRELAS COMERCIO DE PRODUTOS ALIMENTICIOS LTDA.,SAO PAULO,6,1995,Sociedade Limitada
35213130351,J. L. DE TARABAI COMERCIO E REPRESENTACOES LTDA,TARABAI,6,1995,Sociedade Limitada
35213130369,G.K.F. MINI MERCADO DE PRAIA GRANDE LTDA,PRAIA GRANDE,6,1995,Sociedade Limitada
35213130377,SOUSA & HOLANDA LTDA,CAMPO LIMPO PAULISTA,6,1995,Sociedade Limitada
35213130385,ZENI PAPELARIA E ARMARINHOS LTDA,CAMPO LIMPO PAULISTA,6,1995,Sociedade Limitada
35213130393,"GINEZ E GINEZ COMERCIO DE DISCOS, CDS E ACESSORIOS LTDA.",CAMPO LIMPO PAULISTA,6,1995,Sociedade Limitada
35213130407,CONCRETO ARQUITETURA ENGENHARIA LTDA,SAO PAULO,6,1995,Sociedade Limitada
35213130415,JK BALCONY GLASS COMERCIAL LTDA,SAO BERNARDO DO CAMPO,6,1995,Sociedade Limitada
35213130423,F. A. C. SANTOS BAR LTDA.,AMERICANA,6,1995,Sociedade Limitada
35213130431,L. OLIVER COMERCIO DE ROUPAS E ACESSORIOS LTDA,VALINHOS,6,1995,Sociedade Limitada
35213130440,AL-TRANSP CAMPINAS TRANSPORTES LTDA,CAMPINAS,6,1995,Sociedade Limitada
35213130458,BENE & BENI COMERCIO DE PISCINAS LTDA,VALINHOS,6,1995,Sociedade Limitada
35213130466,TROPY SUL - COMERCIAL DISTRIBUIDORA LTDA.,CAMPINAS,6,1995,Sociedade Limitada
35213130474,TIE-MAR - MODA LTDA.,SAO PAULO,6,1995,Sociedade Limitada
35213130482,LA PORTIA COMERCIO DE ALIMENTOS LTDA.,SAO PAULO,6,1995,Sociedade Limitada
35213130491,M. ALMEIDA COMERCIAL LTDA.,SAO PAULO,6,1995,Sociedade Limitada
35213130504,ELETRO MARKETING COMERCIAL LTDA.,SAO PAULO,6,1995,Sociedade Limitada
35213130512,IRILU INDUSTRIA E COMERCIO DE CONFECCOES LTDA.,SAO PAULO,6,1995,Sociedade Limitada
35213130521,CHURRASCARIA GARUDERIO DE ASSIS LTDA.,ASSIS,6,1995,Sociedade Limitada
35213130539,IRMAOS SOUZA ALMEIDA LTDA.,BAURU,6,1995,Sociedade Limitada
35213130547,KOMAK COMERCIO E INFORMATICA LTDA,SAO PAULO,6,1995,Sociedade Limitada
35213130555,CIMPEXCOM COMERCIAL IMPORTADORA E EXPORTADORA LTDA.,SAO PAULO,6,1995,Sociedade Limitada
35213130563,MERCEARIA R R Z GUAIRA LTDA.,CAIEIRAS,6,1995,Sociedade Limitada
35213130571,COMERCIO DE HORTIFRUTIGRANJEIRO S. KATURAGUI LTDA.,MOGI DAS CRUZES,6,1995,Sociedade Limitada
35213130580,TRILHA DOS BICHOS COMERCIO DE RACOES E ANIMAIS LTDA,SAO PAULO,6,1995,Sociedade Limitada
35213130598,IVERSOS COMERCIO E REPRESENTACOES DE ROUPAS LTDA.,SAO PAULO,6,1995,Sociedade Limitada
35213130601,MARGIS ELETROTECNICA COMERCIO E SERVICOS LTDA.,SAO PAULO,6,1995,Sociedade Limitada
35213130610,KILOWATT MANUTENCAO MONTAGEM E INSTALACOES INDUSTRIAIS LTDA.,SANTO ANDRE,6,1995,Sociedade Limitada
35213130628,LANCHONETE GERDI LTDA.,SAO PAULO,6,1995,Sociedade Limitada
35213130636,CASA DE CARNE UAB-ENE LTDA.,CARAPICUIBA,6,1995,Sociedade Limitada
35213130644,LOJAS RAFINHA LTDA,MAUA,6,1995,Sociedade Limitada
35213130652,TRANS-CHIC TRANSPORTES E COMERCIO LTDA.,PIRACICABA,6,1995,Sociedade Limitada
35213130661,MAR MANSO BAR E LANCHES LTDA.,SAO PAULO,6,1995,Sociedade Limitada
35213130679,DRY QUALITY COMERCIAL LTDA.,SAO PAULO,6,1995,Sociedade Limitada
35213130687,QUITANDA E MERCEARIA D B AMERICANA LTDA.,AMERICANA,6,1995,Sociedade Limitada
35213130695,SCROCCA & SCROCCA LTDA.,SUMARE,6,1995,Sociedade Limitada
35213130709,SANCHES & HERNANDES DE AMERICANA LTDA.,AMERICANA,6,1995,Sociedade Limitada
35213130717,TAMBURELLO BAR LTDA.,SAO PAULO,6,1995,Sociedade Limitada
35213130725,AUTO ELETRICA CARNEIRO & ANDRIOLI LTDA.,IBITINGA,6,1995,Sociedade Limitada
35213130733,PAES E DOCES CHRISARTE LTDA.,MAUA,6,1995,Sociedade Limitada
35213130741,BANKING SOLUTIONS DO BRASIL LTDA.,SAO PAULO,6,1995,Sociedade Limitada
35213130750,SALERNO LA PIZZERIA LTDA.,SAO PAULO,6,1995,Sociedade Limitada
35213130768,D.A.R. SOROCABA CORRETORA DE SEGUROS LTDA,SOROCABA,6,1995,Sociedade Limitada
35213130776,BAZAR SELMA E TATI LTDA.,MONGAGUA,6,1995,Sociedade Limitada
35213130784,COOL CUT PRODUCOES FONOGRAFICAS E ARTISTICAS LTDA.,SAO PAULO,6,1995,Sociedade Limitada
35213130792,AGRO J F - COMERCIO E MANUTENCAO DE MAQUINAS AGRICOLAS LTDA,SAO PAULO,6,1995,Sociedade Limitada
35213130806,SERRALHERIA ARTISTICA CENTER SUL LTDA.,SAO PAULO,6,1995,Sociedade Limitada
35213130814,CASA DO ESPETINHO DISK & SERVICE LTDA,SAO BERNARDO DO CAMPO,6,1995,Sociedade Limitada
35213130822,MOURA E BERNARDES REFEICOES LTDA,SAO PAULO,6,1995,Sociedade Limitada
35213130831,THRIVE MULTIMIDIA COMERCIO LTDA. - ME.,IGUAPE,6,1995,Sociedade Limitada
35213130849,LILAC PRESENTES E DECORACOES LTDA,SAO PAULO,6,1995,Sociedade Limitada
35213130857,ASSIS E GUSTAVO-CONFECCOES E ARMARINHOS LTDA,BEBEDOURO,6,1995,Sociedade Limitada
35213130865,DIGIOPCOM COMERCIO E SERVICOS DE TELECOMUNICACOES LTDA,SAO PAULO,6,1995,Sociedade Limitada
35213130873,PROMOBELLA COMERCIO DE ARTIGOS PARA PRESENTES BRINDES EM GERAL LIMITADA.,SAO PAULO,6,1995,Sociedade Limitada
35213130881,TVLEFLEX INDUSTRIA E COMERCIO DE CONFECCOES LTDA.,SAO PAULO,6,1995,Sociedade Limitada
35213130890,APTIVA MANUTENCAO INDUSTRIAL LTDA.,SANTO ANDRE,6,1995,Sociedade Limitada
35213130903,D.R. MANFROI - COMERCIO DE VINHOS LTDA,SAO PAULO,6,1995,Sociedade Limitada
35213130911,MOVELARIA RENASCENCA PAULISTA LTDA.,SAO PAULO,6,1995,Sociedade Limitada
35213130920,SEMEP ADMINISTRACAO DE MAO DE OBRA TEMPORARIA LTDA.,JACAREI,6,1995,Sociedade Limitada
35213130938,ESPORTES TOGNATO LTDA,SAO PAULO,6,1995,Sociedade Limitada
35213130946,KRIEGER COMERCIO E REPRESENTACAO LTDA,SAO PAULO,6,1995,Sociedade Limitada
35213130954,VALIT DESIGN CONFECCAO LTDA,SAO PAULO,6,1995,Sociedade Limitada
35213130962,ISOTEC SERRALHERIA LIDER LTDA,SAO PAULO,6,1995,Sociedade Limitada
35213130971,FRUTILET COMERCIO DE LANCHES LTDA.,SAO PAULO,6,1995,Sociedade Limitada
35213130989,ALDEN'S CONFECCOES LTDA,PRAIA GRANDE,6,1995,Sociedade Limitada
35213130997,MENZIES AVIATION (BRASIL) LTDA,GUARULHOS,6,1995,Sociedade Limitada
35213131004,ARMAZEM ART PRESENTES LTDA.,BIRITIBA-MIRIM,6,1995,Sociedade Limitada
35213131012,BOMBONIERE CASTELA LTDA.,MOGI DAS CRUZES,6,1995,Sociedade Limitada
35213131021,J.M.D. BAR E LANCHES LTDA,SAO PAULO,6,1995,Sociedade Limitada
35213131039,C & R - SUPRIMENTOS PARA INFORMATICA LTDA,LINS,6,1995,Sociedade Limitada
35213131047,CENTRO AUTOMOTIVO TECNICO R3 LTDA,SAO PAULO,6,1995,Sociedade Limitada
35213131055,CASA DE FRIOS VITORIA DE ITAQUA LTDA,ITAQUAQUECETUBA,6,1995,Sociedade Limitada
35213131063,SOLAR COMERCIO REBENEFICIO DE CEREAIS LTDA.,SAO PAULO,6,1995,Sociedade Limitada
35213131071,BLACK JACK VIAGENS E TURISMO LTDA.,SAO PAULO,6,1995,Sociedade Limitada
35213131098,EVATRON COMERCIAL ELETRONICA LTDA.,SAO PAULO,6,1995,Sociedade Limitada
35213131101,SISTEMA AUDIO E IMAGEM LTDA.,SAO PAULO,6,1995,Sociedade Limitada
35213131110,DALLAQUA COMERCIO DE AGUA MINERAL LTDA.,SAO PAULO,6,1995,Sociedade Limitada
35213131128,MAXPORTA COMERCIO DE EQUIPAMENTOS DE SEGURANCA LTDA.,SAO PAULO,6,1995,Sociedade Limitada
35213131136,PRATICA ASSESSORIA LTDA.,SAO PAULO,6,1995,Sociedade Limitada
35213131144,DIAMANTINA VEICULOS E PECAS LTDA.,SAO PAULO,6,1995,Sociedade Limitada
35213131152,DAGUARDA COMERCIAL E IMPORTADORA LTDA.,OSASCO,6,1995,Sociedade Limitada
35213131161,LOTERICA TUTOIA LTDA.,SAO PAULO,6,1995,Sociedade Limitada
35213131179,"VITALES COMERCIO, IMPORTACAO E EXPORTACAO LTDA.",SAO PAULO,6,1995,Sociedade Limitada
35213131187,CAM COMERCIO DE LUSTRES E MATERIAIS ELETRICOS LTDA.,SAO BERNARDO DO CAMPO,6,1995,Sociedade Limitada
35213131195,FERCAM - DISTRIBUIDORA DE AUTO PECAS LTDA.,SAO PAULO,6,1995,Sociedade Limitada
35213131209,SINTRA COMERCIAL - ACESSORIOS E EQUIPAMENTOS INDUSTRIAIS LTDA.,SAO PAULO,6,1995,Sociedade Limitada
35213131217,VPR REPRESENTACOES LTDA.,SANTANA DE PARNAIBA,6,1995,Sociedade Limitada
35213131225,ITUMEX DISTRIBUICAO DE MOVEIS LTDA,ITU,6,1995,Sociedade Limitada
35213131233,"TONALITE COMERCIO DE ROUPAS, PRESENTES E DECORACAO LTDA",SAO PAULO,6,1995,Sociedade Limitada
35213131241,R. C. J. - COMERCIO DE ALIMENTOS LTDA.,SAO CAETANO DO SUL,6,1995,Sociedade Limitada
35213131250,"BICAMAQ - COMERCIO, IMPORTACAO, EXPORTACAO E SERVICOS LTDA.",SAO PAULO,6,1995,Sociedade Limitada
35213131268,AP AUTO PARKING LTDA.,SAO PAULO,6,1995,Sociedade Limitada
35213131276,CRU E COR DECORACOES LTDA.,SAO PAULO,6,1995,Sociedade Limitada
35213131284,T.I. SERVICES IMPORTADORA E EXPORTADORA LTDA.,SAO PAULO,6,1995,Sociedade Limitada
35213131292,PONTO A PONTO INDUSTRIA E COMERCIO LTDA.,SAO PAULO,6,1995,Sociedade Limitada
35213131306,DJANE AUTOMOVEIS E INTERMEDIACOES LTDA.,SAO PAULO,6,1995,Sociedade Limitada
35213131314,PUFFIES INDUSTRIA E COMERCIO LTDA.,BARUERI,6,1995,Sociedade Limitada
35213131322,V.M.G. VIDEO DISC LASER LTDA.,SAO PAULO,6,1995,Sociedade Limitada
35213131331,TRIBEKA - INDUSTRIA E COMERCIO DE MALHAS LTDA.,CAMPOS DO JORDAO,6,1995,Sociedade Limitada
35213131349,BORT & NOGUEIRA BRINQUEDOS LTDA,SAO PEDRO,6,1995,Sociedade Limitada
35213131357,RUFINO & NASCIMENTO SERTAOZINHO LTDA,SERTAOZINHO,6,1995,Sociedade Limitada
35213131365,W. G. COMERCIAL LTDA.,JUNDIAI,6,1995,Sociedade Limitada
35213131373,RAGASI CAROLINO & CIA. LTDA,INUBIA PAULISTA,6,1995,Sociedade Limitada
35213131381,SIRLEI APARECIDA DE ASSIS OLIVEIRA & CIA LTDA,PIRACICABA,6,1995,Sociedade Limitada
35213131390,BAR E LANCHES 2003 LTDA,SAO PAULO,6,1995,Sociedade Limitada
35213131403,SUMMER COMERCIO DE EQUIPAMENTOS LTDA.,SAO PAULO,6,1995,Sociedade Limitada
35213131411,COSTA MUNDI-VIAGENS E TURISMO LTDA.,BAURU,6,1995,Sociedade Limitada
35213131420,CONSULT HELP INFORMATICA LTDA.,POA,6,1995,Sociedade Limitada
35213131438,MEL COMERCIO DE TINTAS LTDA.,SAO BERNARDO DO CAMPO,6,1995,Sociedade Limitada
35213131446,ALFA DENTAL REPRESENTACOES COMERCIAIS LTDA.,HORTOLANDIA,6,1995,Sociedade Limitada
35213131454,TECOSMAQ INDUSTRIA E COMERCIO LTDA.,SAO PAULO,6,1995,Sociedade Limitada
35213131462,RESTAURANTE ROCHA DOS ANJOS LTDA,SAO BERNARDO DO CAMPO,6,1995,Sociedade Limitada
35213131471,BUGHOUSE MODAS LTDA.,CAIEIRAS,6,1995,Sociedade Limitada
35213131489,O.NICCOLINI CONSULTORES LTDA,SAO PAULO,6,1995,Sociedade Limitada
35213131497,SIL GRAFICA E EDITORA LTDA.,SAO PAULO,6,1995,Sociedade Limitada
35213131501,EMPRESA DE ASSESSORIA SERVICOS E VIAGENS TURISMO LTDA.,SAO PAULO,6,1995,Sociedade Limitada
35213131519,"TILBURI ASSESSORIA , CONSULTORIA E COMERCIO LTDA",SAO PAULO,6,1995,Sociedade Limitada
35213131527,JOELSON BAR LTDA.,SAO PAULO,6,1995,Sociedade Limitada
35213131535,ROSANTIL TELECOMUNICACOES E INFORMATICA LTDA,ITAPECERICA DA SERRA,6,1995,Sociedade Limitada
35213131543,RM6 COMUNICACAO VISUAL LTDA,SAO PAULO,6,1995,Sociedade Limitada
35213131551,STEINERT COMERCIO DE BICICLETAS E SERVICOS LTDA,ITU,6,1995,Sociedade Limitada
35213131560,BAR E MERCEARIA JOML LTDA.,SAO PAULO,6,1995,Sociedade Limitada
35213131578,FANTASIAS OLIVIA LTDA.,SAO PAULO,6,1995,Sociedade Limitada
35213131586,PRADO E PRADO PINTURAS E MANUTENCAO LTDA,CAMPINAS,6,1995,Sociedade Limitada
35213131594,NEGLIGENCIA MODAS LTDA.,SAO PAULO,6,1995,Sociedade Limitada
35213131608,TALISMAR PAPELARIA E COPIADORA LTDA.,SANTOS,6,1995,Sociedade Limitada
35213131616,CABLING EXPRESS SYSTEMS INFORMATICA LTDA.,SAO PAULO,6,1995,Sociedade Limitada
35213131624,LOCATAR LOCADORA DE VEICULOS LTDA.,SAO PAULO,6,1995,Sociedade Limitada
35213131632,GL PASSAGENS E TURISMO LTDA,LIMEIRA,6,1995,Sociedade Limitada
35213131641,TRANS AUTO MECANICA E PECAS LTDA.,LIMEIRA,6,1995,Sociedade Limitada
35213131659,DANITEL ADMINISTRACAO E COMERCIO DE BENS LTDA,CAMPINAS,6,1995,Sociedade Limitada
35213131667,EMPREITEIRA RECEL LTDA.,SAO PAULO,6,1995,Sociedade Limitada
35213131675,JOAH PERFUMES E COSMETICOS LTDA.,SAO PAULO,6,1995,Sociedade Limitada
35213131683,COMERCIAL DE GAS AFONSO DE BAURU LTDA.,BAURU,6,1995,Sociedade Limitada
35213131691,FOLHA LIMPA COMERCIO E DISTRIBUICAO DE PRODUTOS ALIMENTICIOS LTDA.,SANTO ANDRE,6,1995,Sociedade Limitada
35213131705,SIGMA COMERCIO E REPARO DE SISTEMAS DE FREIO LTDA.,MOGI DAS CRUZES,6,1995,Sociedade Limitada
35213131713,SCHINCARIOL COMERCIO DE PRODUTOS DE LIMPEZA E DESCARTAVEIS LTDA.,PRESIDENTE PRUDENTE,6,1995,Sociedade Limitada
35213131721,CONFECCOES ZEQUINHA DE BATATAIS LTDA.,BATATAIS,6,1995,Sociedade Limitada
35213131730,ULYVER REPRESENTACAO E MARKETING LTDA.,SANTOS,6,1995,Sociedade Limitada
35213131748,PALU ART INDUSTRIA E COMERCIO DE BRINQUEDOS LTDA,BARAO DE ANTONINA,6,1995,Sociedade Limitada
35213131756,LIMA FEITOSA & FILHOS LTDA.,GUARIBA,6,1995,Sociedade Limitada
35213131764,DILPE CONFECCOES LTDA,SAO PAULO,6,1995,Sociedade Limitada
35213131772,CROSS VEICULOS DE JACAREI LTDA,SAO JOSE DOS CAMPOS,6,1995,Sociedade Limitada
35213131781,M.B.S. COMERCIO DE ARTIGOS DE PAPELARIA LTDA.,MAUA,6,1995,Sociedade Limitada
35213131799,TARIMATA COMERCIO DE MADEIRAS LTDA.,SAO PAULO,6,1995,Sociedade Limitada
35213131802,R. B. COMERCIO DE PAPEIS E COPIAS LTDA.,TAUBATE,6,1995,Sociedade Limitada
35213131811,BEMAVE DE MARILIA COMERCIO DE PECAS E RECUPERADORA DE VEICULOS LTDA.,MARILIA,6,1995,Sociedade Limitada
35213131829,LOGUS MONTAGEM E COMERCIO DE MAQUINAS E EQUIPAMENTOS PARA BOLICHE LTDA.,CAMPINAS,6,1995,Sociedade Limitada
35213131837,CONEXAOSUL - COMERCIAL E IMPORTADORA LTDA.,CAMPINAS,6,1995,Sociedade Limitada
35213131845,R. SANTOS E FRANCO SILVA LTDA.,SUMARE,6,1995,Sociedade Limitada
35213131853,MENOSI E CORDEIRO COMERCIO E LOCACAO DE VIDEO LTDA.,SAO CAETANO DO SUL,6,1995,Sociedade Limitada
35213131861,ELI COZINHAS E DECORACOES LTDA.,RIBEIRAO PRETO,6,1995,Sociedade Limitada
35213131870,OLIVEIRA E CASTRO COMERCIO E CONFECCOES LTDA.,RIBEIRAO PRETO,6,1995,Sociedade Limitada
35213131888,TBL CONSULTORIA E SERVICOS LTDA,POA,6,1995,Sociedade Limitada
35213131896,CHURRASCARIA FRANGO ATROPELADO LTDA.,SAO PAULO,6,1995,Sociedade Limitada
35213131900,NASCENTE DISTRIBUIDORA DE BEBIDAS LTDA,SAO PAULO,6,1995,Sociedade Limitada
35213131918,COMPUSHOP COMER CIO E IMPORTACAO LTDA.,SAO PAULO,6,1995,Sociedade Limitada
35213131926,GUARULHOS ALIMENTOS LTDA,SAO BERNARDO DO CAMPO,6,1995,Sociedade Limitada
35213131934,TEXMIL MALHAS LTDA.,JUNDIAI,6,1995,Sociedade Limitada
35213131942,FIORESI AMERICA MATERIAIS PARA CONSTRUCAO LTDA,VARZEA PAULISTA,6,1995,Sociedade Limitada
35213131951,ROSE FERRARI COMERCIO DE MOVEIS E ACESSORIOS PARA BANHEIROS LTDA.,JUNDIAI,6,1995,Sociedade Limitada
35213131969,RADAR - USINAGEM E FERRAMENTARIA LTDA.,JUNDIAI,6,1995,Sociedade Limitada
35213131977,M.N.C. MASSAS EM GERAL LTDA,JUNDIAI,6,1995,Sociedade Limitada
35213131985,FREGUGLIA & FREGUGLIA LTDA. ME.,JUNDIAI,6,1995,Sociedade Limitada
35213131993,MANJUBINHA - PRODUTOS CONGELADOS LTDA.,JUNDIAI,6,1995,Sociedade Limitada
35213132001,COMODEX DO BRASIL LTDA,SAO PAULO,6,1995,Sociedade Limitada
35213132019,Y.R. COMERCIO DE DOCES E DERIVADOS LTDA.,SAO PAULO,6,1995,Sociedade Limitada
35213132027,SPEISS CONFECCOES LTDA,SAO PAULO,6,1995,Sociedade Limitada
35213132035,SUMAC CORRENTES E EQUIPAMENTOS LTDA.,SUMARE,6,1995,Sociedade Limitada
35213132043,RM TECNOLOGIA ELETRO ELETRONICA INDUSTRIAL LTDA.,SAO PAULO,6,1995,Sociedade Limitada
35213132051,THAYJAN COMERCIO E ENCARTE DE JORNAIS E REVISTAS LTDA.,GUARULHOS,6,1995,Sociedade Limitada
35213132060,VITOREM-GEGIB PLANEJAMENTOS EM INSTALACOES LTDA.,GUARULHOS,6,1995,Sociedade Limitada
35213132078,NIPPO COMERCIO DE RACOES LTDA.,TABOAO DA SERRA,6,1995,Sociedade Limitada
35213132086,CASA NOVA GERACAO MATERIAIS PARA CONSTRUCOES LTDA.,TABOAO DA SERRA,6,1995,Sociedade Limitada
35213132094,TOPGEAR CENTRO AUTOMOTIVO LTDA.,SAO PAULO,6,1995,Sociedade Limitada
35213132108,STERILIS FARMACIA DE MANIPULACAO LTDA.,RIBEIRAO PRETO,6,1995,Sociedade Limitada
35213132116,"CONECTA - COMERCIO DE COMPUTADORES, CURSOS E PROJETOS LTDA.",SAO JOSE DO RIO PRETO,6,1995,Sociedade Limitada
35213132124,"UNION MERCHANTS COMERCIO, REPRESENTACOES, IMPORTACAO EXPORTACAO LTDA.",BARUERI,6,1995,Sociedade Limitada
35213132132,BAR E LANCHES SALES E ARAUJO LTDA.,SAO PAULO,6,1995,Sociedade Limitada
35213132141,BEK BARG DO BRASIL LTDA,SAO PAULO,6,1995,Sociedade Limitada
35213132159,BARRAZA COMERCIO IMPORTACAO EXPORTACAO LTDA,SAO PAULO,6,1995,Sociedade Limitada
35213132167,MY DEAR KIDS CONFECCOES LTDA.,GUARULHOS,6,1995,Sociedade Limitada
35213132175,TEC M'AGRI TECNICA DE MAQUINAS AGRICULTURA LTDA.,MAUA,6,1995,Sociedade Limitada
35213132183,CALCADOS SANTOS GALINDO LTDA,MAUA,6,1995,Sociedade Limitada
35213132191,ECONEW REPRESENTACOES COMERCIAIS LTDA.,SAO PAULO,6,1995,Sociedade Limitada
35213132205,TRINIDAD TABACO'S-BOMBONIERE E PRESENTES LTDA.,SAO BERNARDO DO CAMPO,6,1995,Sociedade Limitada
35213132213,FMS - AUTO PECAS LTDA.,RIBEIRAO PRETO,6,1995,Sociedade Limitada
35213132221,E.D.S. BAR E MERCEARIA LTDA.,RIBEIRAO PRETO,6,1995,Sociedade Limitada
35213132230,DISTRIBUIDORA DE DOCES DUMONT LTDA.,DUMONT,6,1995,Sociedade Limitada
35213132248,BROTO'S PIZZARIA RIBEIRAO PRETO LTDA.,RIBEIRAO PRETO,6,1995,Sociedade Limitada
35213132256,MARIZA A.M. PAIVA & CIA LTDA.,RIBEIRAO PRETO,6,1995,Sociedade Limitada
35213132264,CASA DE FRIOS BOA VISTA LTDA.,BARUERI,6,1995,Sociedade Limitada
35213132272,"MAGIC MONEY COMERCIAL, IMPORTADORA E EXPORTADORA LTDA.",SAO PAULO,6,1995,Sociedade Limitada
35213132281,FORMULA BRASIL PETROLEO LTDA.,SAO PAULO,6,1995,Sociedade Limitada
35213132299,ARTIGOS DO VETUARIO P V LTDA,MAUA,6,1995,Sociedade Limitada
35213132302,P V CONFECCOES LTDA,SAO CAETANO DO SUL,6,1995,Sociedade Limitada
35213132311,PASSARETTI EQUIPAMENTOS LTDA.,GUARATINGUETA,6,1995,Sociedade Limitada
35213132329,RENOVO MATERIAIS PARA CONSTRUCAO LTDA,DIADEMA,6,1995,Sociedade Limitada
35213132337,BORBA'S EMPREENDIMENTOS IMOBILIARIOS LTDA,TAUBATE,6,1995,Sociedade Limitada
35213132345,OYAMA E MATSUDA INTERNACIONAL LTDA.,SAO PAULO,6,1995,Sociedade Limitada
35213132353,LUCCICARE PRESENTES E UTILIDADES LTDA.,SAO PAULO,6,1995,Sociedade Limitada
35213132361,COCHINILLO BAR E RESTAURANTE LTDA.,SAO PAULO,6,1995,Sociedade Limitada
35213132370,IVB - INVEST VACATION BEACH LTDA.,PIRACICABA,6,1995,Sociedade Limitada
35213132388,PIZZARIA FLOR DO IPE LTDA,SAO PAULO,6,1995,Sociedade Limitada
35213132396,NUTRISTAR ALIMENTACAO E SERVICOS LTDA,SAO JOSE DOS CAMPOS,6,1995,Sociedade Limitada
35213132400,D'NELHI COMERCIO DE CONFECCOES LTDA,SAO PAULO,6,1995,Sociedade Limitada
35213132418,COMERCIO E INDUSTRIA DE CONFECCOES JV LTDA.,GUARULHOS,6,1995,Sociedade Limitada
35213132426,ALNAR COMERCIO DE AUTO PECAS LTDA.,SANTOS,6,1995,Sociedade Limitada
35213132434,SAMONTEC MANUTENCAO E COMERCIO LTDA.,ITAQUAQUECETUBA,6,1995,Sociedade Limitada
35213132442,MMP MATERIAIS PEDAGOGICOS LTDA,SANTO ANDRE,6,1995,Sociedade Limitada
35213132451,WOOFER SOUND ACESSORIOS LTDA.,SAO PAULO,6,1995,Sociedade Limitada
35213132469,M.P.M. CONSULTING LTDA,SANTANA DE PARNAIBA,6,1995,Sociedade Limitada
35213132477,PORTAIS COMERCIO E TRANSPORTES LTDA,SANTA GERTRUDES,6,1995,Sociedade Limitada
35213132485,APF BAR LTDA,ITATIBA,6,1995,Sociedade Limitada
35213132493,DROGARIA VILA PAULINA LTDA.,DIADEMA,6,1995,Sociedade Limitada
35213132507,PRIMU'S INDUSTRIA E COMERCIO LTDA.,SAO BERNARDO DO CAMPO,6,1995,Sociedade Limitada
35213132515,VIMARC EDITORA PROMOCOES E COMERCIO LTDA.,SAO PAULO,6,1995,Sociedade Limitada
35213132523,LOS ANGELES PRESENTES E DECORACOES LTDA,SAO PAULO,6,1995,Sociedade Limitada
35213132531,LUMISS REPRESENTACOES COMERCIAIS LTDA,SAO PAULO,6,1995,Sociedade Limitada
35213132540,GONCALVES DIAS ARAUJO LTDA,SAO PAULO,6,1995,Sociedade Limitada
35213132558,LUFER - COMERCIO DE DOCES LTDA,VARGEM GRANDE PAULISTA,6,1995,Sociedade Limitada
35213132566,RS PALADAR INDUSTRIA E COMERCIO DE DOCES E SALGADOS LTDA.,EMBU-GUACU,6,1995,Sociedade Limitada
35213132574,HEMOSYSTEM COMERCIO E SERVICOS LTDA.,SAO PAULO,6,1995,Sociedade Limitada
35213132582,LANCHONETE REMI LTDA.,SAO JOSE DOS CAMPOS,6,1995,Sociedade Limitada
35213132591,AGROMIRA CONSERVADORA DE AREAS VERDES LTDA,JAMBEIRO,6,1995,Sociedade Limitada
35213132604,VERDY FESTAS COMERCIO E DECORACOES LTDA.,SAO JOSE DOS CAMPOS,6,1995,Sociedade Limitada
35213132612,GMV BAR E LANCHES LTDA,SAO PAULO,6,1995,Sociedade Limitada
35213132621,FABIJON CONFECCOES LTDA.,SAO PAULO,6,1995,Sociedade Limitada
35213132647,BAGULHINHO MODA INFANTO JUVENIL LTDA.,SAO PAULO,6,1995,Sociedade Limitada
35213132655,DELTA ESTUDOS E PROJETOS DE ENGENHARIA S/C LTDA,SAO PAULO,6,1995,Sociedade Limitada
35213132663,MONDEO COMERCIO E REPRESENTACOES DE MAQUINAS E APARELHOS LTDA.,SAO PAULO,6,1995,Sociedade Limitada
35213132671,NEWVISION TECNOLOGIA DE INFORMACAO LTDA.,SAO PAULO,6,1995,Sociedade Limitada
35213132680,LANCHONETE FEFLAVE LTDA.,SAO PAULO,6,1995,Sociedade Limitada
35213132698,CONSTRUTORA J.L.F. LTDA,SAO PAULO,6,1995,Sociedade Limitada
35213132701,C & M DISTRIBUIDORA DE MATERIAIS DE LIMPEZA LTDA.,SAO PAULO,6,1995,Sociedade Limitada
35213132710,SIMONETTI VEICULOS E SERVICOS LTDA.,SAO JOSE DO RIO PARDO,6,1995,Sociedade Limitada
35213132728,MFA VERAO COMERCIO E CONFECCOES LTDA,SAO PAULO,6,1995,Sociedade Limitada
35213132736,MARI-HELE LOJA DE CONVENIENCIA LTDA.,LINS,6,1995,Sociedade Limitada
35213132744,GARCIA E MACHADO ARARAQUARA LTDA.,ARARAQUARA,6,1995,Sociedade Limitada
35213132752,C. T. A. SERVICE COMERCIO DE COMPONENTES ELETRONICOS LTDA,SAO PAULO,6,1995,Sociedade Limitada
35213132761,M. PAULI CONFECCOES LTDA,SAO PAULO,6,1995,Sociedade Limitada
35213132779,ARRANJOS CERRO CORA LTDA.,SAO PAULO,6,1995,Sociedade Limitada
35213132787,EDITORA LITORAL LTDA,SAO PAULO,6,1995,Sociedade Limitada
35213132795,KNOW HOW COMERCIO DE MATERIAIS GRAFICOS LTDA.,SAO PAULO,6,1995,Sociedade Limitada
35213132809,PRADO & BERTONCELO LTDA,SANTO ANTONIO DO PINHAL,6,1995,Sociedade Limitada
35213132817,BIGARELLI INDUSTRIA DE CALCADOS LTDA.,DOIS CORREGOS,6,1995,Sociedade Limitada
35213132825,FIBANC COMERCIO E SERVICOS LTDA.,CAMPINAS,6,1995,Sociedade Limitada
35213132833,CHOPERIA E PIZZARIA DO KARAUDIO LTDA.,ITAQUAQUECETUBA,6,1995,Sociedade Limitada
35213132841,CONFECCOES MAHINA LTDA.,SAO PAULO,6,1995,Sociedade Limitada
35213132850,FLEXEIRO MOVEIS E DECORACOES INDUSTRIA E COMERCIO LTDA.,SAO PAULO,6,1995,Sociedade Limitada
35213132868,FAST BAG TRANSPORTES LTDA,GUARULHOS,6,1995,Sociedade Limitada
35213132876,AGRIESTUFA INDUSTRIA E COMERCIO LTDA.,ARTUR NOGUEIRA,6,1995,Sociedade Limitada
35213132884,SUPER BAC - PROTECAO AMBIENTAL LTDA.,SAO PAULO,6,1995,Sociedade Limitada
35213132892,BARRAL PAES E DOCES LTDA,RIO GRANDE DA SERRA,6,1995,Sociedade Limitada
35213132906,INDUSTRIA E COMERCIO DE TIJOLOS SANTA CECILIA LTDA,BARBOSA,6,1995,Sociedade Limitada
35213132914,HOTEL MOMENTOS LTDA.,SAO PAULO,6,1995,Sociedade Limitada
35213132922,LMR REPRESENTACAO INTERMEDIACAO E COMERCIO LTDA.-ME,SAO PAULO,6,1995,Sociedade Limitada
35213132931,RODO PRINT SERVICOS DE MANUSEIO DE PRODUTOS INDUSTRIAIS E PROMOCIONAIS LTDA,BARUERI,6,1995,Sociedade Limitada
35213132949,DORSA LOFFREDO E CALISSI LTDA.,SAO CARLOS,6,1995,Sociedade Limitada
35213132957,ATICEL CEREALISTA LTDA.,ATIBAIA,6,1995,Sociedade Limitada
35213132965,CRIMI BAZAR DE PAPELARIA LTDA.,SAO PAULO,6,1995,Sociedade Limitada
35213132973,OPCOES REPRESENTACOES COMERCIAIS LTDA.,SAO BERNARDO DO CAMPO,6,1995,Sociedade Limitada
35213132981,TRANSIS-COMPANY INTERNATIONAL LTDA.,SAO BERNARDO DO CAMPO,6,1995,Sociedade Limitada
35213132990,GALERI & ALLUCCI LTDA.,SAO PAULO,6,1995,Sociedade Limitada
35213133007,LUFRANS TRANSPORTES EM GERAL LTDA.,SAO PAULO,6,1995,Sociedade Limitada
35213133015,TRADICAO COMERCIO DE CARNES LTDA.,ITAQUAQUECETUBA,6,1995,Sociedade Limitada
35213133023,JEHO COMERCIO DE CONFECCOES LTDA.,SAO PAULO,6,1995,Sociedade Limitada
35213133031,MAKARY HAIR & DEPILACAO LTDA,BROTAS,6,1995,Sociedade Limitada
35213133040,SOFORTE INDUSTRIA E COMERCIO DE ESTOFADOS LTDA.,SOROCABA,6,1995,Sociedade Limitada
35213133058,TORRES DE ITU LIVRARIA E PAPELARIA LTDA.,ITU,6,1995,Sociedade Limitada
35213133066,PLUFT INDUSTRIA E COMERCIO DE PRODUTOS ALIMENTICIOS LTDA,ITU,6,1995,Sociedade Limitada
35213133074,PERSONAL PLASTIC-MANUFATURA DE PLASTICOS LTDA,PEREIRAS,6,1995,Sociedade Limitada
35213133082,TRANSPORTADORA CAVALCANTI E SILVA LTDA.,CAMPINAS,6,1995,Sociedade Limitada
35213133091,CARDOSO CONSTRUCOES E COMERCIO DE MATERIAL DE CONSTRUCAO LTDA.,CAMPINAS,6,1995,Sociedade Limitada
35213133104,MERCEARIA LUMEN CHRISTI LTDA.,CAMPINAS,6,1995,Sociedade Limitada
35213133112,CONFEITARIA KLAMONA LTDA.,SAO PAULO,6,1995,Sociedade Limitada
35213133121,CAMARIM MODA E BELEZA LTDA,INDAIATUBA,6,1995,Sociedade Limitada
35213133139,NATURAL VERT COSMETICOS LTDA.,SAO PAULO,6,1995,Sociedade Limitada
35213133147,DANGRAF MATERIAIS GRAFICOS LTDA,SAO PAULO,6,1995,Sociedade Limitada
35213133155,MOVEIS PONTES - INDUSTRIA E COMERCIO LTDA,BOREBI,6,1995,Sociedade Limitada
35213133163,CENTRAL DE CONSUMO SAO JOAO LTDA.,PORTO FERREIRA,6,1995,Sociedade Limitada
35213133171,COMERCIAL AGRICOLA VECCHIO LTDA.,CONCHAL,6,1995,Sociedade Limitada
35213133180,CLEAR-SERVICOS DE COMERCIO EXTERIOR LTDA.,CAMPINAS,6,1995,Sociedade Limitada
35213133198,KATIVEIROS'S BAR E LANCHONETE LTDA.,SAO PAULO,6,1995,Sociedade Limitada
35213133201,WORKER LIVELY COMERCIO E REPRESENTACAO LTDA.,SAO PAULO,6,1995,Sociedade Limitada
35213133210,MARCOS & FACCIOLI LTDA.,INDAIATUBA,6,1995,Sociedade Limitada
35213133228,BAR E LANCHES RIBEIRO LARANJEIRA LTDA.,SAO PAULO,6,1995,Sociedade Limitada
35213133236,MACIEIRA'S COMERCIO DE DOCES E SALGADOS LTDA.,TABOAO DA SERRA,6,1995,Sociedade Limitada
35213133244,ITALMATIC DO BRASIL LTDA.,SAO PAULO,6,1995,Sociedade Limitada
35213133252,"A. J. S. COMERCIO, REPRESENTACOES E TRANSPORTES LTDA.",SAO PAULO,6,1995,Sociedade Limitada
35213133261,MIAMI-TUR TURISMO E CAMBIO LTDA.,SAO PAULO,6,1995,Sociedade Limitada
35213133279,FAC COMERCIO DE PRODUTOS DE INFORMATICA E TELEFONIA LTDA,SANTO ANDRE,6,1995,Sociedade Limitada
35213133287,LOPES SERVICOS GRAFICOS LTDA.,SAO PAULO,6,1995,Sociedade Limitada
35213133295,YELLOW SHIP INDUSTRIA E COMERCIO LTDA.,SAO PAULO,6,1995,Sociedade Limitada
35213133309,XAVIER & MATOS ASSESSORIA CONTABIL S/C LTDA.,GUARULHOS,6,1995,Sociedade Limitada
35213133317,SUPER MERCEARIA DURCAL LTDA.,SOROCABA,6,1995,Sociedade Limitada
35213133325,CLIN SERVICE - LIMPEZA CONSERVACAO E MANUTENCAO LTDA.,BARUERI,6,1995,Sociedade Limitada
35213133333,M.M.J.TRANSPORTES EXECUTIVOS LTDA.,CAMPINAS,6,1995,Sociedade Limitada
35213133341,KUANZA BLACK PROMOCOES DE VENDAS LTDA,SAO PAULO,6,1995,Sociedade Limitada
35213133350,DELICATESSEN FRANZY'S LTDA.,SAO PAULO,6,1995,Sociedade Limitada
35213133376,A. LOPES & CIA LTDA,JUNDIAI,6,1995,Sociedade Limitada
35213133384,DU LYONS CONFECCOES LTDA.,JUNDIAI,6,1995,Sociedade Limitada
35213133392,AUGUSTO & MORETTI COMERCIO DE EQUIPAMENTOS E SERVICOS LIMITADA.,SAO PAULO,6,1995,Sociedade Limitada
35213133406,J. L. MARCENARIA LTDA.,AMERICANA,6,1995,Sociedade Limitada
35213133414,"DEMPLAS DESCARTAVEIS, EMBALAGENS E PLASTICOS LTDA.",NOVA ODESSA,6,1995,Sociedade Limitada
35213133422,RONCHIM COMERCIO DE PRODUTOS E ACESSORIOS PARA O VESTUARIO LTDA,AMERICANA,6,1995,Sociedade Limitada
35213133431,M.K. BELA LANGERIE LTDA.,SAO PAULO,6,1995,Sociedade Limitada
35213133449,RIO SURF WEAR LTDA,JANDIRA,6,1995,Sociedade Limitada
35213133457,ANDRIOLI & MONTEFUSCO COMERCIO RERESENTACAO LTDA.,SAO PAULO,6,1995,Sociedade Limitada
35213133465,CASIGNA INFORMIDIA LTDA.,BAURU,6,1995,Sociedade Limitada
35213133473,THE WAY EXPORTACAO IMPORTACAO COMERCIO E REPRESENTACAO LTDA,SAO PAULO,6,1995,Sociedade Limitada
35213133481,MACHADO & SANTOS DE JACAREI LTDA,JACAREI,6,1995,Sociedade Limitada
35213133490,AGROPECUARIA LAGOA VERDE LTDA.,ITAPEVA,6,1995,Sociedade Limitada
35213133503,W/METAL - ESQUADRIAS DE ALUMINIO LTDA.,SANTOS,6,1995,Sociedade Limitada
35213133511,MYTOSERVICE ENGENHARIA E MONTAGENS LTDA.,SAO PAULO,6,1995,Sociedade Limitada
35213133520,AUTO MECANICA SHERON LTDA.,SAO PAULO,6,1995,Sociedade Limitada
35213133538,DANI PAES E DOCES LTDA,SAO PAULO,6,1995,Sociedade Limitada
35213133546,BUFFET EXCALIBUR LTDA.,SAO PAULO,6,1995,Sociedade Limitada
35213133554,MAAGA PESCADOS LTDA.,SAO PAULO,6,1995,Sociedade Limitada
35213133562,PIZZARIA SAO FLORENCIO LTDA.,SAO PAULO,6,1995,Sociedade Limitada
35213133571,NIHON CONFECCOES LTDA.,SAO PAULO,6,1995,Sociedade Limitada
35213133589,JOANA REIS COMERCIO E REPRESENTACOES LTDA.,SAO PAULO,6,1995,Sociedade Limitada
35213133597,CORAGGIO COMERCIO IMPORTACAO E EXPORTACAO LTDA.,GUARULHOS,6,1995,Sociedade Limitada
35213133601,PERES MUDANCAS E TRANSPORTES LTDA.,SAO PAULO,6,1995,Sociedade Limitada
35213133619,NUTRISABOR SERVICOS E FORNECIMENTO DE ALIMENTACAO LTDA.,SAO PAULO,6,1995,Sociedade Limitada
35213133627,TERCEIRO MILENIO PAPELARIA LTDA,SAO PAULO,6,1995,Sociedade Limitada
35213133635,MULTPEL LENCOIS PAPELARIA E COMERCIO LTDA.,LENCOIS PAULISTA,6,1995,Sociedade Limitada
35213133643,IMFORTIME INFORMATICA LTDA.,OSASCO,6,1995,Sociedade Limitada
35213133651,TUBARAO INDUSTRIA CAPTURACOMERCIO IMPORTACAO E EXPORTACA O DE PESCADOS LTDA,JUQUIA,6,1995,Sociedade Limitada
35213133660,OUT BREAK COMERCIO E CONFECCOES LTDA.,EMBU-GUACU,6,1995,Sociedade Limitada
35213133678,JF KASSETE VIDEO LOCADORA LTDA.,SAO BERNARDO DO CAMPO,6,1995,Sociedade Limitada
35213133686,MINI-MERCADO MELATO LTDA.,SAO PAULO,6,1995,Sociedade Limitada
35213133694,AUTO PECAS SCHERZAN LTDA.,LIMEIRA,6,1995,Sociedade Limitada
35213133708,PLASLIDER COMERCIAL LTDA.,LIMEIRA,6,1995,Sociedade Limitada
35213133716,D'MEO CONFECCOES LTDA.,TUPA,6,1995,Sociedade Limitada
35213133724,VALDEMIR AP. PINTO & CIA. LTDA.,LIMEIRA,6,1995,Sociedade Limitada
35213133732,CAMARGO & MELOSI LTDA.,PEDERNEIRAS,6,1995,Sociedade Limitada
35213133741,"J.R. COMERCIAL,IMPORTACAO E EXPORTACAO LTDA.",ARARAQUARA,6,1995,Sociedade Limitada
35213133759,ARTHY CONFECCAO E COMERCIO LTDA.,SAO PAULO,6,1995,Sociedade Limitada
35213133767,PRO-DATA INFORMATICA LTDA,TAUBATE,6,1995,Sociedade Limitada
35213133775,V.M.C.USINAGEM LTDA.,TATUI,6,1995,Sociedade Limitada
35213133783,D'AMEIDA & MIYAZAKI LTDA ME.,TATUI,6,1995,Sociedade Limitada
35213133791,SIMONSEN & NEVES BAPTISTA LTDA.,PRESIDENTE PRUDENTE,6,1995,Sociedade Limitada
35213133805,INATURA GAUCHO COMERCIO E INDUSTRIA DE PRODUTOS ALIMENTI-CIOS LTDA.,SAO PAULO,6,1995,Sociedade Limitada
35213133813,AUTO PECAS MB FLORIDA LTDA.,FLORIDA PAULISTA,6,1995,Sociedade Limitada
35213133821,VIBRACOUSTIC DO BRASIL INDUSTRIA E COMERCIO DE ARTEFATOS DE BORRACHA LTDA,TAUBATE,6,1995,Sociedade Limitada
35213133830,LOSNA INVESTIMENTOS E PARTICIPACOES LTDA,COTIA,6,1995,Sociedade Limitada
35213133848,TRETRIS- COMERCIO E REPRESENTACOES LTDA,SAO PAULO,6,1995,Sociedade Limitada
35213133856,CASARAO COMERCIO DE ROUPAS LTDA.,SAO PAULO,6,1995,Sociedade Limitada
35213133864,NOTRE PAIN PADARIA ARTESANAL LTDA,SAO PAULO,6,1995,Sociedade Limitada
35213133872,"DEST COMERCIO,IMPORTACAO,EXPORTACAO E REPRESENTACAO LTDA",SAO PAULO,6,1995,Sociedade Limitada
35213133881,LAIFE N EMBALAGENS LTDA.,TATUI,6,1995,Sociedade Limitada
35213133899,BARCIERO COMERCIO DE ALIMENTOS LTDA,SAO PAULO,6,1995,Sociedade Limitada
35213133902,MULTI SEDAS - ROUPAS E ACESSORIOS LTDA,SAO PAULO,6,1995,Sociedade Limitada
35213133911,UPS SCS LOGISTICA (BRASIL) LTDA.,CAJAMAR,6,1995,Sociedade Limitada
35213133929,PAPELARIA MORIA LTDA.,SAO PAULO,6,1995,Sociedade Limitada
35213133937,ART HOT TRANSFER DISTRIBUIDORA LTDA.,SAO PAULO,6,1995,Sociedade Limitada
35213133945,J.L.M. - HORTIFRUTIS GRANJEIROS LTDA.,SAO PAULO,6,1995,Sociedade Limitada
35213133953,MONTEIRO E SANTOS SERRALHERIA ARTISTICA LTDA.,SAO PAULO,6,1995,Sociedade Limitada
35213133961,JULIO BRAZIL VIAGENS & TURISMO LTDA,SAO JOSE DOS CAMPOS,6,1995,Sociedade Limitada
35213133970,RACE QUALITY CONSULTORIA E ASSESSORIA EMPRESARIAL LTDA,BARUERI,6,1995,Sociedade Limitada
35213133988,GARCIA RIBEIRO & CIA LTDA.,FARTURA,6,1995,Sociedade Limitada
35213133996,GISELE GUITTI MARTINS & CIA. LTDA.,CRAVINHOS,6,1995,Sociedade Limitada
35213134003,JAHYR FONTES REPRESENTACOES LTDA.,ARARAQUARA,6,1995,Sociedade Limitada
35213134011,HELP TRAVEL TURISMO LTDA.,SAO PAULO,6,1995,Sociedade Limitada
35213134020,CONFECCOES COISA LINDA LTDA.,SANTA BARBARA D'OESTE,6,1995,Sociedade Limitada
35213134046,MESACON EMPREENDIMENTOS IMOBILIARIOS LTDA,SANTOS,6,1995,Sociedade Limitada
35213134054,TECCOR COMERCIAL LTDA.,SAO PAULO,6,1995,Sociedade Limitada
35213134062,AMPLEXO'S COMERCIO E SERVICOS LTDA.,OSASCO,6,1995,Sociedade Limitada
35213134071,SERRALHERIA BRAZIL CAPAO BONITO LTDA,CAPAO BONITO,6,1995,Sociedade Limitada
35213134089,TLC - TECLUB INDUSTRIA E COMERCIO LTDA.,DIADEMA,6,1995,Sociedade Limitada
35213134097,DEBRIN BRASIL LTDA,MOGI DAS CRUZES,6,1995,Sociedade Limitada
35213134101,RECHAUD RESTAURANTE LTDA.,SANTO ANDRE,6,1995,Sociedade Limitada
35213134119,NACIONAL DE AUTOMACAO E CONTROLE LTDA,SANTO ANDRE,6,1995,Sociedade Limitada
35213134127,PANIFICADORA FLOR DA OLIVEIRA LTDA,ITAPECERICA DA SERRA,6,1995,Sociedade Limitada
35213134135,TINHO RADIADORES LTDA,OSASCO,6,1995,Sociedade Limitada
35213134143,K - 12 COMERCIO DE CONFCCOES LTDA.,SAO PAULO,6,1995,Sociedade Limitada
35213134151,TUPIMASSAS COMERCIO DE AREIA E PEDRA LTDA,GUARULHOS,6,1995,Sociedade Limitada
35213134160,CRESPO E SCORCIN CONFECCOES LTDA.,SOROCABA,6,1995,Sociedade Limitada
35213134178,MERCADINHO KASUAL LTDA,MARILIA,6,1995,Sociedade Limitada
35213134186,RODHNAN MUNIZ & OLIVEIRA RIJO LTDA,BAURU,6,1995,Sociedade Limitada
35213134194,HOMARK - CARPETES E PISOS LTDA.,SUZANO,6,1995,Sociedade Limitada
35213134216,T C W - EVENTOS E PROMOCOES LTDA.,SAO PAULO,6,1995,Sociedade Limitada
35213134224,PAIXAO & PAIXAO COMERCIAL LTDA,SAO PAULO,6,1995,Sociedade Limitada
35213134232,MHS - REPRESENTACAO COMERCIAL LTDA.,SAO PAULO,6,1995,Sociedade Limitada
35213134241,RELOGIOS TAMAI LTDA.,SAO PAULO,6,1995,Sociedade Limitada
35213134259,LAICOS ELETRICA E HIDRAULICA LTDA.,SAO PAULO,6,1995,Sociedade Limitada
35213134267,"RODRIGUES PINHEIRO JUNIOR - CONSULTORIA, COMERCIO E DESENVOLVIMENTO DE SISTEMAS LTDA.",LOUVEIRA,6,1995,Sociedade Limitada
35213134275,ZIG'S LANCHONETE LTDA.,SAO PAULO,6,1995,Sociedade Limitada
35213134283,ORSA SISTEMA LTDA.,SAO PAULO,6,1995,Sociedade Limitada
35213134291,LAVA RAPIDO E LANCHONETE MATSUNAGA LTDA.,JALES,6,1995,Sociedade Limitada
35213134305,PRO - LASER COMERCIO E LOCACAO DE EQUIPAMENTOS LTDA,SAO PAULO,6,1995,Sociedade Limitada
35213134313,MAPRIBOR MATERIA PRIMA PARA INDUSTRIA DE BORRACHA LTDA.,CAIEIRAS,6,1995,Sociedade Limitada
35213134321,MAGGI VIAGENS E TURISMO LTDA.,SAO PAULO,6,1995,Sociedade Limitada
35213134330,DCL ADMINISTRACAO DE BENS E PARTICIPACOES LTDA,ITU,6,1995,Sociedade Limitada
35213134348,D'TALHE MODAS LTDA.,SAO PAULO,6,1995,Sociedade Limitada
35213134356,NUPER TECNOLOGIA LTDA.,SAO PAULO,6,1995,Sociedade Limitada
35213134364,OCEAN DISTRIBUIDORA DE AGUA MINERAL LTDA.,DIADEMA,6,1995,Sociedade Limitada
35213134372,MICRO FREQUENCY LTDA,MOGI DAS CRUZES,6,1995,Sociedade Limitada
35213134381,LAMINA SERVICOS CONTABEIS E DESIGN LTDA,SAO PAULO,6,1995,Sociedade Limitada
35213134399,VENANCIO & RICARDI CONFECCAO E COMERCIO LTDA - ME,SAO PAULO,6,1995,Sociedade Limitada
35213134402,FIO DE PRATA INDUSTRIA E COMERCIO DE COSMETICOS LTDA,SAO PAULO,6,1995,Sociedade Limitada
35213134411,MINASPEL COMERCIO DE EMBALAGENS EM GERAL LTDA.,MOGI DAS CRUZES,6,1995,Sociedade Limitada
35213134429,TAKAMOTO & MOLINA LTDA.,SANTOS,6,1995,Sociedade Limitada
35213134437,CHEIRO VERDE ROTISSIERI LTDA,SOROCABA,6,1995,Sociedade Limitada
35213134445,ALESSAN COMERCIO DE TECIDOS LTDA.,SAO PAULO,6,1995,Sociedade Limitada
35213134453,CASA DE CARNES GERGIL LTDA,SAO PAULO,6,1995,Sociedade Limitada
35213134461,BASEIO AGROCOMERCIAL LTDA.,AMPARO,6,1995,Sociedade Limitada
35213134470,DIAGNO-SYS INFORMATICA LTDA.,SAO PAULO,6,1995,Sociedade Limitada
35213134488,"INTERSECTION COMUNICACOES, EVENTOS E SERVICOS LTDA",SAO PAULO,6,1995,Sociedade Limitada
35213134348,D'TALHE MODAS LTDA.,SAO PAULO,6,1995,Sociedade Limitada
35213134356,NUPER TECNOLOGIA LTDA.,SAO PAULO,6,1995,Sociedade Limitada
35213134364,OCEAN DISTRIBUIDORA DE AGUA MINERAL LTDA.,DIADEMA,6,1995,Sociedade Limitada
35213134372,MICRO FREQUENCY LTDA,MOGI DAS CRUZES,6,1995,Sociedade Limitada
35213134381,LAMINA SERVICOS CONTABEIS E DESIGN LTDA,SAO PAULO,6,1995,Sociedade Limitada
35213134399,VENANCIO & RICARDI CONFECCAO E COMERCIO LTDA - ME,SAO PAULO,6,1995,Sociedade Limitada
35213134402,FIO DE PRATA INDUSTRIA E COMERCIO DE COSMETICOS LTDA,SAO PAULO,6,1995,Sociedade Limitada
35213134411,MINASPEL COMERCIO DE EMBALAGENS EM GERAL LTDA.,MOGI DAS CRUZES,6,1995,Sociedade Limitada
35213134429,TAKAMOTO & MOLINA LTDA.,SANTOS,6,1995,Sociedade Limitada
35213134437,CHEIRO VERDE ROTISSIERI LTDA,SOROCABA,6,1995,Sociedade Limitada
35213134445,ALESSAN COMERCIO DE TECIDOS LTDA.,SAO PAULO,6,1995,Sociedade Limitada
35213134453,CASA DE CARNES GERGIL LTDA,SAO PAULO,6,1995,Sociedade Limitada
35213134461,BASEIO AGROCOMERCIAL LTDA.,AMPARO,6,1995,Sociedade Limitada
35213134470,DIAGNO-SYS INFORMATICA LTDA.,SAO PAULO,6,1995,Sociedade Limitada
35213134488,"INTERSECTION COMUNICACOES, EVENTOS E SERVICOS LTDA",SAO PAULO,6,1995,Sociedade Limitada
35213134496,IRMAOS DULTRA COMERCIO REPRESENTANTE LTDA.,SAO PAULO,6,1995,Sociedade Limitada
35213134500,JODAS & DANIELE LTDA.,SAO JOSE DO RIO PRETO,6,1995,Sociedade Limitada
35213134518,ESCOLA DE EDUCACAO INFANTIL E ENSINO FUNDAMENTAL PRESBITERIANO LTDA,SANTOS,6,1995,Sociedade Limitada
35213134526,JAGUARE RIO PRETO VEICULOS LTDA.,SAO JOSE DO RIO PRETO,6,1995,Sociedade Limitada
35213134534,MARQUINHOS MOVEIS USADOS LTDA,MARILIA,6,1995,Sociedade Limitada
35213134542,FANTINATTI & MARIANO FILMES E GAMES LTDA.,CAMPINAS,6,1995,Sociedade Limitada
35213134551,COLOURS OF INDIA COMERCIO E SERVICOS LTDA.,CAMPINAS,6,1995,Sociedade Limitada
35213134569,AGUA & SAL COMERCIO DE ALIMENTOS LTDA.,BAURU,6,1995,Sociedade Limitada
35213134577,JODETUR-TRANSPORTES E LOCACAO DE VEICULOS LTDA.,BAURU,6,1995,Sociedade Limitada
35213134585,CAMISETARIA ANIMAL DE FRANCA LTDA.,FRANCA,6,1995,Sociedade Limitada
35213134593,MORAIS COMERCIO E CONFECCOES DE CARIMBOS LTDA.,SAO JOSE DOS CAMPOS,6,1995,Sociedade Limitada
35213134607,MOTOR-TECH MECANICA E COMERCIO LTDA.,SAO PAULO,6,1995,Sociedade Limitada
35213134615,SINTRONIC-ELETRONICA LTDA.,SAO PAULO,6,1995,Sociedade Limitada
35213134623,SELL SOCIEDADE DE EMBALAGENS LEVES LTDA.,SAO PAULO,6,1995,Sociedade Limitada
35213134631,NACINA SERVICOS GERAIS LTDA.,SAO PAULO,6,1995,Sociedade Limitada
35213134640,DANPRI COMERCIO E SERVICOS FLORESTAIS LTDA,AVARE,6,1995,Sociedade Limitada
35213134658,REIMARC-FABRICA DE DESCARTAVEIS LTDA,LINS,6,1995,Sociedade Limitada
35213134674,GAB TRANSPORTES LTDA.,EMBU,6,1995,Sociedade Limitada
35213134682,PATATI PATATA ARTIGOS INFANTIS LTDA.,SAO PAULO,6,1995,Sociedade Limitada
35213134691,CMC COMERCIO DE DISCOS E CAMISETAS LTDA.,SAO PAULO,6,1995,Sociedade Limitada
35213134704,MOEX RECEPTIVE VIP LTDA.,SAO PAULO,6,1995,Sociedade Limitada
35213134712,POLY-LUVAS EQUIPAMENTOS DE SEGURANCA LTDA.,SAO PAULO,6,1995,Sociedade Limitada
35213134721,WORLD FANTASY IMPORTACAO E DISTRIBUICAO LTDA,COSMOPOLIS,6,1995,Sociedade Limitada
35213134739,J. TANAKA COMERCIO DE EQUIPAMENTOS PARA ENGENHARIA E CONSULTORIA LTDA,SAO PAULO,6,1995,Sociedade Limitada
35213134747,AMBOA MODAS LTDA,SAO PAULO,6,1995,Sociedade Limitada
35213134755,VANTAJOSO MATERIAIS PARA CONSTRUCOES LTDA.,SAO PAULO,6,1995,Sociedade Limitada
35213134763,CENTRO EDUCACIONAL METODO LTDA.,CAMPINAS,6,1995,Sociedade Limitada
35213134771,B & B COMERCIAL IMPORTADORA E EXPORTADORA LTDA,SAO JOSE DOS CAMPOS,6,1995,Sociedade Limitada
35213134780,M. R. M. COMERCIO DE ALIMENTOS LTDA,PRESIDENTE PRUDENTE,6,1995,Sociedade Limitada
35213134798,DOCES CAMARGO ARTIGOS PARA FESTAS LTDA,PRESIDENTE PRUDENTE,6,1995,Sociedade Limitada
35213134801,START VIAGENS E TURISMO LTDA,SAO PAULO,6,1995,Sociedade Limitada
35213134810,PONEY AVICULTURA LTDA,SAO PAULO,6,1995,Sociedade Limitada
35213134828,BACKING ENGENHARIA E TREINAMENTO LTDA,ATIBAIA,6,1995,Sociedade Limitada
35213134836,MARMOGRINI INDUSTRIA E COMERCIO DE MARMORES E GRANITOS LTDA,GUARULHOS,6,1995,Sociedade Limitada
35213134844,MERCEARIA E EMPORIO TREZE DE AGOSTO LTDA,SAO PAULO,6,1995,Sociedade Limitada
35213134852,VIDEO MIX DO TATUAPE COMERCIO DE LOCACAO DE FITAS LTDA.,SAO BERNARDO DO CAMPO,6,1995,Sociedade Limitada
35213134861,RESTAURANTE SABOR SUBLIME LTDA,SAO PAULO,6,1995,Sociedade Limitada
35213134879,ANZEN FOOD COMERCIO DE ALIMENTOS LTDA.,SAO PAULO,6,1995,Sociedade Limitada
35213134887,J. VIDAL - COMERCIO E REPRESENTACOES LTDA,SAO PAULO,6,1995,Sociedade Limitada
35213134895,ARTESANATO DE PAES MODERNINHA LTDA,MOGI DAS CRUZES,6,1995,Sociedade Limitada
35213134909,LUCIANA E DEBORA INDUSTRIA E COMERCIO DE ROUPAS LTDA,SAO PAULO,6,1995,Sociedade Limitada
35213134917,VIGIPORT SERVICOS E REPRESENTACOES LTDA.,OSASCO,6,1995,Sociedade Limitada
35213134925,PAPELARIA BISMARC LTDA,SAO PAULO,6,1995,Sociedade Limitada
35213134933,M-VAL COMERCIO E INFORMATICA LTDA.,APARECIDA,6,1995,Sociedade Limitada
35213134941,LIDER COMERCIAL DE BALANCAS LTDA,SANTO ANDRE,6,1995,Sociedade Limitada
35213134950,BKS MODAS LTDA,SAO PAULO,6,1995,Sociedade Limitada
35213134968,THE KOSHER DELI COMERCIO E IMPORTACAO DE PRODUTOS ALIMENTICIOS LTDA,SAO PAULO,6,1995,Sociedade Limitada
35213134976,"STYLLO SELVAGEM CONFECCOES, PROMOCOES E PRODUCOES ARTISTICAS LTDA",SAO PAULO,6,1995,Sociedade Limitada
35213134984,FETEG COMERCIAL LTDA.,SAO PAULO,6,1995,Sociedade Limitada
35213134992,S.M.P. REPRESENTACOES COMERCIAIS LTDA.,SAO JOAO DA BOA VISTA,6,1995,Sociedade Limitada
35213135000,ECYL ARTEFATOS DE MADEIRA LTDA,ITARARE,6,1995,Sociedade Limitada
35213135018,FAHL E FOLGOSI LTDA.,JUNDIAI,6,1995,Sociedade Limitada
35213135026,BAR E LANCHES BRUCHELAS LTDA,SAO PAULO,6,1995,Sociedade Limitada
35213135034,SANITA & BERTONHA LTDA.,JUNDIAI,6,1995,Sociedade Limitada
35213135042,SANTANA & MOURA FIORINI LTDA,JABOTICABAL,6,1995,Sociedade Limitada
35213135051,A.J. RODRIGUES & RODRIGUES LTDA.,AVARE,6,1995,Sociedade Limitada
35213135069,PASIN RANGEL & CIA LTDA.,APARECIDA,6,1995,Sociedade Limitada
35213135077,QUEDAS REPRESENTACOES LTDA.,CATANDUVA,6,1995,Sociedade Limitada
35213135085,CASTRO E SOUZA COMERCIO DE PRODUTOS ALIMENTICIOS LTDA.,CAMPINAS,6,1995,Sociedade Limitada
35213135093,RILARY COMERCIO DE RACOES LTDA,CAMPINAS,6,1995,Sociedade Limitada
35213135107,M REVESTIMENTOS LTDA.,CAMPINAS,6,1995,Sociedade Limitada
35213135115,PRENSATO & ANDREUCCI LTDA.,SOCORRO,6,1995,Sociedade Limitada
35213135123,CONTUI DISTRIBUIDORA DE BEBIDAS LTDA,TATUI,6,1995,Sociedade Limitada
35213135131,JOF COMUNICACAO VISUAL LTDA,CAMPINAS,6,1995,Sociedade Limitada
35213135140,TABERNA GAUCHA DE OURINHOS LTDA.,LENCOIS PAULISTA,6,1995,Sociedade Limitada
35213135166,USINACAL USINAGEM DE PECAS LTDA.,SAO PAULO,6,1995,Sociedade Limitada
35213135174,RESTAURANTE COSTELA NA BRASA LTDA,SAO LOURENCO DA SERRA,6,1995,Sociedade Limitada
35213135182,VACUOPLAST INDUSTRIA E COMERCIO LTDA,SAO PAULO,6,1995,Sociedade Limitada
35213135191,BEXPORT LOCACAO E ADMINISTRACAO DE BENS LTDA,CARAPICUIBA,6,1995,Sociedade Limitada
35213135204,I.M. COMERCIO DE FERRAGENS LTDA.,SAO PAULO,6,1995,Sociedade Limitada
35213135212,KENT & GEL COMERCIO DE ALIMENTOS LTDA,SAO CAETANO DO SUL,6,1995,Sociedade Limitada
35213135221,GKJ INFORMATICA LTDA,SAO PAULO,6,1995,Sociedade Limitada
35213135239,D.N.R. DISTRIBUIDORA DE PRODUTOS FARMACEUTICOS E COSMETICOS LTDA,SAO PAULO,6,1995,Sociedade Limitada
35213135247,ELEGANCIA BAZAR E MODAS LTDA,SAO PAULO,6,1995,Sociedade Limitada
35213135255,FLAMINGO BAR E DIVERSOES ELETRONICAS LTDA.,RIBEIRAO PIRES,6,1995,Sociedade Limitada
35213135263,BADRA IMPORTACAO LTDA,SAO PAULO,6,1995,Sociedade Limitada
35213135271,GIMENES & MOLINA LTDA.,SAO JOSE DO RIO PRETO,6,1995,Sociedade Limitada
35213135280,LUSTE TRANSPORTE E REPRESENTACOES LTDA.,BIRIGUI,6,1995,Sociedade Limitada
35213135298,TIDEI & DOBBERT LTDA.,SAO JOSE DO RIO PRETO,6,1995,Sociedade Limitada
35213135301,PAZINI & DIAS PRODUTOS NATURAIS LTDA.,SANTOS,6,1995,Sociedade Limitada
35213135310,GOMES E GRACIANO VIDEO E LANCHONETE LTDA.,GUARUJA,6,1995,Sociedade Limitada
35213135328,SEM TABUS INDUSTRIA E COMERCIO DE CONFECCOES LTDA.,SAO PAULO,6,1995,Sociedade Limitada
35213135336,YUCATAN RESTAURANTE,SAO PAULO,6,1995,Sociedade Limitada
35213135344,LIMPADORA ARCO IRIS COMERCIAL LTDA.,GUARULHOS,6,1995,Sociedade Limitada
35213135352,"JK COMERCIO, IMPORTACAO E EXPORTACAO LTDA",SAO PAULO,6,1995,Sociedade Limitada
35213135361,JAJ EMPREITEIRA DE MAO DE OBRA LTDA,CAMPINAS,6,1995,Sociedade Limitada
35213135379,AVENIDA BRASIL COMUNICACAO LTDA.,SAO PAULO,6,1995,Sociedade Limitada
35213135387,SANDBLAST EXAUSTAO LTDA.,SAO PAULO,6,1995,Sociedade Limitada
35213135395,REI - PONTO - COMERCIO DE RELOGIOS DE PONTO LTDA.,SAO PAULO,6,1995,Sociedade Limitada
35213135409,JOILE : DOCES E SALGADOS LTDA.,SANTOS,6,1995,Sociedade Limitada
35213135417,RTL-DIVISAO DE AR CONDICIONADO E COMERCIO DE GUARAJA LTDA,GUARUJA,6,1995,Sociedade Limitada
35213135425,P.A. - ABC INSTRUMENTOS MUSICAIS LTDA.,SANTO ANDRE,6,1995,Sociedade Limitada
35213135433,VEDASAN VEDACOES SANTISTA LTDA.,SANTOS,6,1995,Sociedade Limitada
35213135441,PYMESA BRASIL COMERCIAL E SERVICOS LTDA.,BARUERI,6,1995,Sociedade Limitada
35213135450,TRANSBRASILEIRA AGENCIA DE VIAGENS E TURISMO LTDA.,SAO PAULO,6,1995,Sociedade Limitada
35213135468,ABA EMBALAGENS PLASTICAS LTDA.,COTIA,6,1995,Sociedade Limitada
35213135476,LIFE SALES COMERCIO E REPRESENTACOES LTDA.,SAO PAULO,6,1995,Sociedade Limitada
35213135484,EMANUEL F. DE CARVALHO & CIA. LTDA.,JAU,6,1995,Sociedade Limitada
35213135492,HIGH-TEC ARARAS - COMERCIO DE PECAS E SERVICOS LTDA.,ARARAS,6,1995,Sociedade Limitada
35213135506,PADARIA E MERCEARIA VILA GENY DE LORENA LTDA.,LORENA,6,1995,Sociedade Limitada
35213135514,SERANFO INDUSTRIA E COMERCIO LTDA.,GARCA,6,1995,Sociedade Limitada
35213135522,MARTA EMBALAGENS E PRESENTES DE GARCA LTDA.,GARCA,6,1995,Sociedade Limitada
35213135531,BAR E LANCHES GOMES E BARROS LTDA.,SAO PAULO,6,1995,Sociedade Limitada
35213135549,BACANA CHOPERIA E RESTAURANTE LTDA.,SAO JOSE DO RIO PRETO,6,1995,Sociedade Limitada
35213135557,VITAL ATMAN LTDA ME,UCHOA,6,1995,Sociedade Limitada
35213135565,FUT-GOL INDUSTRIA E COMERCIO DE BRINQUEDOS LTDA,SAO PAULO,6,1995,Sociedade Limitada
35213135573,TATO CONFECCAO LTDA.,GUARATINGUETA,6,1995,Sociedade Limitada
35213135581,MAMA VIRGINIA RESTAURANTE LTDA,SAO PAULO,6,1995,Sociedade Limitada
35213135590,PROYAN EDITORACAO GRAFICA LTDA.,SAO PAULO,6,1995,Sociedade Limitada
35213135603,OPCAO VIDEO E LOCADORA LTDA.,SAO PAULO,6,1995,Sociedade Limitada
35213135611,COMERCIO DE ARTIGOS RELIGIOSOS PAI LEO LTDA.,SAO PAULO,6,1995,Sociedade Limitada
35213135620,TUIM EDITORA E ARTEFATOS DE PAPEIS LTDA.,SAO PAULO,6,1995,Sociedade Limitada
35213135646,HELIFLY AVIACAO LTDA.,SAO PAULO,6,1995,Sociedade Limitada
35213135654,KRAFT IMPORTACAO E EXPORTACAO DE ROUPAS LTDA.,SAO PAULO,6,1995,Sociedade Limitada
35213135662,TRUE FORM ACADEMIA LTDA.,SAO PAULO,6,1995,Sociedade Limitada
35213135671,LOZ E ARAUJO INDUSTRIA E COMERCIO DE UNIFORMES E ROUPAS ESPORTIVAS LTDA.,SAO PAULO,6,1995,Sociedade Limitada
35213135689,ZANGAO DISTRIBUIDORA DE PRODUTOS NATUARAIS LTDA.,SAO PAULO,6,1995,Sociedade Limitada
35213135697,CASUAL DRESS - CONFECCOES E COMERCIO LTDA.,SAO PAULO,6,1995,Sociedade Limitada
35213135701,ALPIS IMPORTACAO E EXPORTACAO DE ROUPAS LTDA.,SAO PAULO,6,1995,Sociedade Limitada
35213135719,J.M.A. CONSULTORIA E PLANEJAMENTO EMPRESARIAL LTDA.,SAO PAULO,6,1995,Sociedade Limitada
35213135727,PLAZA FONE TELEFONIA E INFORMATICA LTDA,SAO PAULO,6,1995,Sociedade Limitada
35213135735,LIMPADORA CYPRIANO LTDA,SAO PAULO,6,1995,Sociedade Limitada
35213135743,WRA CONSULTORIA E REPRESENTACAO COMERCIAL LTDA.,SAO PAULO,6,1995,Sociedade Limitada
35213135751,J.B.R. COMERCIO E SERVICOS LTDA.,SAO PAULO,6,1995,Sociedade Limitada
35213135760,DE FRANCE CONFECCOES LTDA,SAO PAULO,6,1995,Sociedade Limitada
35213135778,ARBORETO COMERCIO E SERVICOS LTDA.,SAO PAULO,6,1995,Sociedade Limitada
35213135786,MAXIMA VIDEO LOCADORA LTDA,SAO PAULO,6,1995,Sociedade Limitada
35213135794,HS COMERCIO E REPRESENTACOES LTDA,BARUERI,6,1995,Sociedade Limitada
35213135808,ATELIE BOTANICO COMERCIO E REPRESENTACOES LTDA.,SAO PAULO,6,1995,Sociedade Limitada
35213135816,NUNES & ANDRADE EMPREITEIRA E MATERIAIS PARA CONSTRUCAO LTDA,ITAPEVI,6,1995,Sociedade Limitada
35213135824,FUHKER COMERCIO DE ARTEFATOS DE CIMENTO LTDA.,ITAPEVI,6,1995,Sociedade Limitada
35213135832,CAFETERIA SCANDIUSSI LTDA.,SAO PAULO,6,1995,Sociedade Limitada
35213135841,VISUAL PRINT MATERIAIS PROMOCIONAIS LTDA.,TABOAO DA SERRA,6,1995,Sociedade Limitada
35213135859,SABOR COMERCIAL LTDA.,BEBEDOURO,6,1995,Sociedade Limitada
35213135867,S & S CASA NOSTRA LTDA.,BRAGANCA PAULISTA,6,1995,Sociedade Limitada
35213135875,COMERCIAL DE DROGAS SILVA LTDA.,SAO PAULO,6,1995,Sociedade Limitada
35213135883,MERCADINHO AMETISTA LTDA.,GUARULHOS,6,1995,Sociedade Limitada
35213135891,INEST PUBLICIDADE LTDA.,CAMPINAS,6,1995,Sociedade Limitada
35213135905,V.J.M. EMPREITEIRA DE MAO DE OBRA LTDA.,CAMPINAS,6,1995,Sociedade Limitada
35213135913,BOLDNESS COMERCIO DE ACESSORIOS LTDA,SAO PAULO,6,1995,Sociedade Limitada
35213135921,NEW STAMP CARIMBOS LTDA.,SAO PAULO,6,1995,Sociedade Limitada
35213135930,DUARTE & MIRANDA COMERCIAL LTDA.,SAO PAULO,6,1995,Sociedade Limitada
35213135948,G D O COMERCIO E SERVICOS LTDA.,SAO PAULO,6,1995,Sociedade Limitada
35213135956,KALICAR SERVICOS LTDA,SAO PAULO,6,1995,Sociedade Limitada
35213135964,HOME NEWS PUBLICIDADE LTDA.,SAO PAULO,6,1995,Sociedade Limitada
35213135972,CASA DE CARNES NELORE DE ARACATUBA LTDA,ARACATUBA,6,1995,Sociedade Limitada
35213135981,VVS PROCESSAMENTO DE DADOS LTDA.,SAO PAULO,6,1995,Sociedade Limitada
35213135999,ZIN PAN EDITORACAO ELETRONICA E DESIGNERS LTDA.,SAO PAULO,6,1995,Sociedade Limitada
35213136006,"STATION BLINDADOS, COMERCIO E SERVICOS LTDA.",SAO PAULO,6,1995,Sociedade Limitada
35213136014,TOCO COMERCIAL IMPORTACAO E EXPORTACAO LTDA.,SAO PAULO,6,1995,Sociedade Limitada
35213136022,TANZILLO'S COMERCIAL LTDA.,GUARULHOS,6,1995,Sociedade Limitada
35213136031,TRIDATA TECNOLOGIA LTDA,SAO PAULO,6,1995,Sociedade Limitada
35213136049,FIGHT AMERICAN BAR LTDA.,SAO PAULO,6,1995,Sociedade Limitada
35213136057,CONEX-PLAST INDUSTRIA E COMERCIO DE PLASTICOS LTDA,SAO PAULO,6,1995,Sociedade Limitada
35213136065,FERONATO E FERONATO TELEFONES LTDA,SAO PAULO,6,1995,Sociedade Limitada
35213136073,CANTINA E PIZZARIA TREVO LTDA,SAO PAULO,6,1995,Sociedade Limitada
35213136081,SAO PAULO COMERCIO DE EMBALAGENS PLASTICAS LTDA,ASSIS,6,1995,Sociedade Limitada
35213136090,VDL PECAS E ACESSORIOS LTDA.,PRESIDENTE VENCESLAU,6,1995,Sociedade Limitada
35213136103,TIPO-ASSIM MODAS COMERCIO DE ROUPAS LTDA,ATIBAIA,6,1995,Sociedade Limitada
35213136111,SERMAGRIL INDUSTRIA E COMERCIO DE PRENSAS HIDRAULICA LTDA,SERTAOZINHO,6,1995,Sociedade Limitada
35213136120,FONTANA & BERGAMIN FONTANA LTDA,ARARAS,6,1995,Sociedade Limitada
35213136138,ASSISCARNES DISTRIBUIDORA DE CARNES LTDA,ASSIS,6,1995,Sociedade Limitada
35213136146,IRMAOS DIAS MERCADINHO LTDA,RIO CLARO,6,1995,Sociedade Limitada
35213136154,PLUMO RIO CLARO CONFECCOES LTDA.,RIO CLARO,6,1995,Sociedade Limitada
35213136162,KADOSCH COMERCIO E REPRESENTACOES LTDA,RIO CLARO,6,1995,Sociedade Limitada
35213136171,VIEGA AUTO PECAS LTDA,RIO CLARO,6,1995,Sociedade Limitada
35213136189,GOES RIO CLARO REPRESENTACOES LTDA,RIO CLARO,6,1995,Sociedade Limitada
35213136197,ARMANDO JAROUCHE COMERCIO DE MOVEIS NOVOS E USADOS LTDA.,OSASCO,6,1995,Sociedade Limitada
35213136201,GARCIA ALMEIDA CACA E PESCA LTDA,PEREIRA BARRETO,6,1995,Sociedade Limitada
35213136219,NET COMP INFORMATICA LTDA.,SAO BERNARDO DO CAMPO,6,1995,Sociedade Limitada
35213136227,SILK MACHINE COMERCIO E CONFECCAO DE ROUPAS POA LTDA.,POA,6,1995,Sociedade Limitada
35213136235,VILAR LUMINOSOS LTDA.,SAO PAULO,6,1995,Sociedade Limitada
35213136243,SUELVER MOVEIS LTDA.,SAO PAULO,6,1995,Sociedade Limitada
35213136251,COMERCIO DE AREIA E PEDRA J.B.DE JACAREI LTDA.,JACAREI,6,1995,Sociedade Limitada
35213136260,CAMINHO DA SERRA COMERCIO E REPRESENTACOES DE MOVEIS LTDA.,SAO PAULO,6,1995,Sociedade Limitada
35213136278,LACOS & PAPEL BAZAR E COMERCIO DE ARTIGOS DE PAPELARIA LTDA.,SAO PAULO,6,1995,Sociedade Limitada
35213136286,JESS RESTAURANT - COMERCIO DE PRODUTOS ALIMENTICIOS LTDA.,SAO PAULO,6,1995,Sociedade Limitada
35213136294,Q G RECURSOS HUMANOS LTDA.,CAMPINAS,6,1995,Sociedade Limitada
35213136308,PALLARD REPRESENTACOES LTDA.,CAMPINAS,6,1995,Sociedade Limitada
35213136316,ARBE COMERCIO DE ALIMENTOS CAMPINAS LTDA.,CAMPINAS,6,1995,Sociedade Limitada
35213136324,RELOJOARIA COPA LTDA.,SAO PAULO,6,1995,Sociedade Limitada
35213136332,WELLINGTON & PRISCILA LUCHESI COMERCIO E SERVICOS LTDA.,CAMPINAS,6,1995,Sociedade Limitada
35213136341,"PALABRA Y TEXTO, AULAS, TRADUCOES CONSULTORIA LTDA",CAMPINAS,6,1995,Sociedade Limitada
35213136359,SUNACE FREIGHT FORWARDER TRANSPORTES INTERNACIONAIS LTDA.,SAO PAULO,6,1995,Sociedade Limitada
35213136367,CONFECCOES SONCLE LTDA.,SAO PAULO,6,1995,Sociedade Limitada
35213136375,TUTI NOVIDADES E PRESENTES LTDA.,SAO PAULO,6,1995,Sociedade Limitada
35213136383,S.M.M. MODAS LTDA.,SAO PAULO,6,1995,Sociedade Limitada
35213136391,OBJETIVO ABC REPRESENTACOES LTDA,MAUA,6,1995,Sociedade Limitada
35213136405,LACT-CENTER COMERCIO DE FRIOS E LATICINIOS LTDA,SAO PAULO,6,1995,Sociedade Limitada
35213136413,F. P. C. TELECOMUNICACOES E INFORMATICA LTDA,SAO PAULO,6,1995,Sociedade Limitada
35213136421,START UP ENGENHARIA LTDA,SAO PAULO,6,1995,Sociedade Limitada
35213136430,ADEFAM REPRESENTACOES LTDA.,SAO PAULO,6,1995,Sociedade Limitada
35213136448,ENTREGADORA MATEC LTDA,SAO PAULO,6,1995,Sociedade Limitada
35213136456,BETINHA COMERCIO DE DOCES LTDA.,SAO PAULO,6,1995,Sociedade Limitada
35213136464,ENTRE NOS INDUSTRIA E COMERCIO DE CONFECCOES DE ROUPAS LTDA,COSMOPOLIS,6,1995,Sociedade Limitada
35213136472,"DUPLA COMERCIO, IMPORTACAO, EXPORTACAO, REPRESENTACAO E EVENTOS CULTURAIS LTDA.",SAO PAULO,6,1995,Sociedade Limitada
35213136481,ARTES GRAFICA BOTURA LTDA,SAO PAULO,6,1995,Sociedade Limitada
35213136499,RUI & NORMA REPRESENTACOES LTDA.,GUARULHOS,6,1995,Sociedade Limitada
35213136502,VILA PAES PADARIA LTDA.,MOGI-MIRIM,6,1995,Sociedade Limitada
35213136511,HORTOFARMA DISTRIBUIDORA DE PRODUTOS FARMACEUTICOS LTDA.,HORTOLANDIA,6,1995,Sociedade Limitada
35213136529,FERNANDES E BURANELLO GUALDA LTDA.,CAMPINAS,6,1995,Sociedade Limitada
35213136537,TEXTIL JURA LTDA,SAO PAULO,6,1995,Sociedade Limitada
35213136545,PHOTOPILHA COMERCIO E IMPORTACAO LTDA.,SAO PAULO,6,1995,Sociedade Limitada
35213136561,LAYSARA RESTAURANTE E PIZZARIA LTDA.,GUARULHOS,6,1995,Sociedade Limitada
35213136570,MATSUDA & CARVALHO LTDA,CAIEIRAS,6,1995,Sociedade Limitada
35213136588,NEWMAC INDUSTRIA E COMERCIO LTDA,RIBEIRAO PRETO,6,1995,Sociedade Limitada
35213136600,OCEAN TRADING - COMISSARIA DE DESPACHOS LTDA.,SANTOS,6,1995,Sociedade Limitada
35213136618,TELO'S LANCHES E SUCOS LTDA,SOROCABA,6,1995,Sociedade Limitada
35213136626,AREA UTIL CONFECCOES LTDA.,SAO PAULO,6,1995,Sociedade Limitada
35213136634,GIUDICE SELF-SERVICE LTDA.,SAO PAULO,6,1995,Sociedade Limitada
35213136642,CONFECCOES HERDARI LTDA.,SAO PAULO,6,1995,Sociedade Limitada
35213136651,L.D.C. INDUSTRIA E COMERCIO DE VELAS LTDA.,ARARAS,6,1995,Sociedade Limitada
35213136669,FRANCO E BARROS CONFECCOES LTDA.,GUARULHOS,6,1995,Sociedade Limitada
35213136677,YUUP DISTRIBUIDORA E COMERCIO DE PRODUTOS ALIMENTICIOS EM GERAL LTDA,BOFETE,6,1995,Sociedade Limitada
35213136685,I.L.S INFORMATICA LTDA.,COTIA,6,1995,Sociedade Limitada
35213136693,ESTRELAR MARCENARIA LTDA,SANTO ANDRE,6,1995,Sociedade Limitada
35213136707,CENTER BRINDES ARTES GRAFICAS E SERIGRAFIA LTDA.,SAO PAULO,6,1995,Sociedade Limitada
35213136715,COPCENTER COMERCIO E SERVICOS LTDA.,SAO PAULO,6,1995,Sociedade Limitada
35213136723,DEGASPARI REPRESENTACOES LTDA.,LIMEIRA,6,1995,Sociedade Limitada
35213136731,S.H.S COMERCIAL LTDA.,SAO PAULO,6,1995,Sociedade Limitada
35213136740,JAMES ROGERS INDUSTRIA E COMERCIO DE VELAS LTDA.,GUARULHOS,6,1995,Sociedade Limitada
35213136758,GULA-MANIA SAO JUDAS COMERCIO DE DOCES LTDA,SAO BERNARDO DO CAMPO,6,1995,Sociedade Limitada
35213136766,AUTO PECAS NOVA MEDEIROS LTDA,SAO PAULO,6,1995,Sociedade Limitada
35213136774,MISTRAL FERRAGENS E MATERIAIS PARA CONSTRUCAO LTDA.,SAO PAULO,6,1995,Sociedade Limitada
35213136782,TECNOLESTE SISTEMAS COMERCIO E SERVICO LTDA-ME,SAO PAULO,6,1995,Sociedade Limitada
35213136804,SPARTACO FOTOS E ACESSORIOS LTDA.,SAO PAULO,6,1995,Sociedade Limitada
35213136812,RAFGLASS INDUSTRIA E COMERCIO LTDA.,RAFARD,6,1995,Sociedade Limitada
35213136821,TAPECARIA JB DE JUNDIAI LTDA.,JUNDIAI,6,1995,Sociedade Limitada
35213136839,NUTRI-ELIT ALIMENTACOES LTDA.,JUNDIAI,6,1995,Sociedade Limitada
35213136847,G.W.S. COMERCIO E REPRESENTACOES LTDA.,ARACATUBA,6,1995,Sociedade Limitada
35213136855,NAKAZAWA & NAKAZAWA LTDA.,ARACATUBA,6,1995,Sociedade Limitada
35213136863,METALCAP INDUSTRIA E COMERCIO DE AUTO PECAS LTDA,ARACATUBA,6,1995,Sociedade Limitada
35213136871,JUNIOR FRALDAS DESCARTAVEIS E ABSORVENTES LTDA.,ANDRADINA,6,1995,Sociedade Limitada
35213136880,PONTA VERDE VIAGENS E TURISMO ECOLOGICO LTDA.,PIRACICABA,6,1995,Sociedade Limitada
35213136898,"AGA-TEC INDUSTRIA, COMERCIO EMANUTENCAO LTDA.",CAIEIRAS,6,1995,Sociedade Limitada
35213136901,ISOMIL MINERACAO E SERVICOS LTDA.,TAMBAU,6,1995,Sociedade Limitada
35213136910,BRAG-ROL COMERCIO DE ROLAMENTOS E PECAS ELETRICAS LTDA,BRAGANCA PAULISTA,6,1995,Sociedade Limitada
35213136928,LIMPADORA MIRAMAR LTDA.,SANTOS,6,1995,Sociedade Limitada
35213136936,A. MANHANI CONSULTING - ASSESSORIA E CONSULTORIA EM INFORMATICA LTDA,SAO PAULO,6,1995,Sociedade Limitada
35213136944,PADARIA DOLCE PAES LTDA,SAO PAULO,6,1995,Sociedade Limitada
35213136952,SUCOS E LANCHES ACADEMICOS LTDA.,SAO PAULO,6,1995,Sociedade Limitada
35213136961,SAN MARINO SERVICOS ADMINISTRATIVOS LTDA,SAO PAULO,6,1995,Sociedade Limitada
35213136979,CONSTRUTORA ALONSO LTDA.,SAO PAULO,6,1995,Sociedade Limitada
35213136987,S. THIAGO COMERCIO E SERVICOS EM INFORMATICA LTDA.,PIRAPORA DO BOM JESUS,6,1995,Sociedade Limitada
35213136995,EQUALI SERVICOS DE DIGITACAO LTDA,SAO BERNARDO DO CAMPO,6,1995,Sociedade Limitada
35213137002,AUTO TECNICA IRACEMA LTDA,SAO PAULO,6,1995,Sociedade Limitada
35213137011,ERTECH COMERCIO E SERVICOS EM INFORMATICA LTDA.,SAO PAULO,6,1995,Sociedade Limitada
35213137029,ZION NOEL COMERCIO IMPORTACAO E EXPORTACAO LTDA,SAO PAULO,6,1995,Sociedade Limitada
35213137037,"SANTA FE, COMERCIO, IMPORTACAO E EXPORTACAO DE CARNES E DERIVADOS LTDA.",GUARULHOS,6,1995,Sociedade Limitada
35213137045,R.G.F. COMERCIAL LTDA.,GUARULHOS,6,1995,Sociedade Limitada
35213137053,FEITO & PRONTO PRODUCOES LTDA.,COTIA,6,1995,Sociedade Limitada
35213137061,GLOBSTAR CRIACOES LTDA.,COTIA,6,1995,Sociedade Limitada
35213137070,CRED MAX T SETE LTDA.,SAO BERNARDO DO CAMPO,6,1995,Sociedade Limitada
35213137096,RICICHEM DA AMAZONIA INDUSTRIA E COMERCIO LTDA,SAO PAULO,6,1995,Sociedade Limitada
35213137100,ARTE PERFIL MARMORARIA LTDA.,SAO PAULO,6,1995,Sociedade Limitada
35213137118,CUPECE POINT ALIMENTOS LTDA.,SAO PAULO,6,1995,Sociedade Limitada
35213137126,MAXISAFETY RESGATE E EMERGENCIA LTDA,SAO PAULO,6,1995,Sociedade Limitada
35213137134,DISTRIBUIDORA PEREIRA LTDA.,SAO PAULO,6,1995,Sociedade Limitada
35213137142,PANOBIANCO MAQUINAS PARA MARMITEX LTDA,PENAPOLIS,6,1995,Sociedade Limitada
35213137151,SILVA ELETRICIDADE GUAIRA LTDA,GUAIRA,6,1995,Sociedade Limitada
35213137169,ELEVEN MOTORS LTDA,SAO BERNARDO DO CAMPO,6,1995,Sociedade Limitada
35213137177,M. C. XAVIER & OLIVEIRA LTDA.,BAURU,6,1995,Sociedade Limitada
35213137185,CONFECCOES AMERIMANTAS LTDA.,SANTA BARBARA D'OESTE,6,1995,Sociedade Limitada
35213137193,SILVA E SILVA LTDA.,OSVALDO CRUZ,6,1995,Sociedade Limitada
35213137207,ARONNI & ALMEIDA LTDA,ARARAQUARA,6,1995,Sociedade Limitada
35213137215,NIZATO & SOUZA LTDA.,JOSE BONIFACIO,6,1995,Sociedade Limitada
35213137223,PASSATEMPO VIDEO LOCADORA LTDA.,ENGENHEIRO COELHO,6,1995,Sociedade Limitada
35213137231,IKEDA COMERCIO E REPRESENTACOES LTDA,SAO PAULO,6,1995,Sociedade Limitada
35213137240,AMARAL E AMARAL COMERCIO DE BARCOS LTDA.,CUBATAO,6,1995,Sociedade Limitada
35213137258,GALVAO COMERCIO DE TUBOS E CONEXOES LTDA,CAMPINAS,6,1995,Sociedade Limitada
35213137266,BOIAGO COMERCIO E REPRESENTACAO LTDA.,CAMPINAS,6,1995,Sociedade Limitada
35213137274,FEEDBACK PROMOCOES E CONSULTORIA LTDA.,SAO PAULO,6,1995,Sociedade Limitada
35213137282,PERFIL MODAS DE ADULTO E INFANTIL LTDA,SAO PAULO,6,1995,Sociedade Limitada
35213137291,ANELMAR-COMERCIO LOCACAO E SERVICOS LTDA.,SANTOS,6,1995,Sociedade Limitada
35213137304,BAR E MERCEARIA LOANDA LTDA,SAO PAULO,6,1995,Sociedade Limitada
35213137312,MG-SERRALHERIA INDUSTRIA E COMERCIO ZONA OESTE LTDA,SAO PAULO,6,1995,Sociedade Limitada
35213137321,P. S. OLIVEIRA & I. M. RODRIGUES LTDA.,ILHA COMPRIDA,6,1995,Sociedade Limitada
35213137339,C. DA S. FILHO E T. F. DE CAMPOS LTDA,ILHA COMPRIDA,6,1995,Sociedade Limitada
35213137347,W M L INFORMATICA LTDA,SAO PAULO,6,1995,Sociedade Limitada
35213137355,"EKLA COMERCIO, PROPAGANDA E PROMOCOES LTDA",SAO PAULO,6,1995,Sociedade Limitada
35213137363,PAES E DOCES MONSIEUR BOULANGERIE LTDA.,SAO PAULO,6,1995,Sociedade Limitada
35213137371,DROGARIA REDE BIG FORT LTDA,SAO PAULO,6,1995,Sociedade Limitada
35213137380,DISKAW COMERCIO E REPRESENTACOES LTDA.,SAO PAULO,6,1995,Sociedade Limitada
35213137398,BLUE IMPORTS COMERCIO IMPORTACAO E EXPORTACAO LTDA,SAO PAULO,6,1995,Sociedade Limitada
35213137401,FELIPLASTIC COMERCIO DE EMBALAGENS PLASTICAS E ARTEFATOS DE PAPEIS LTDA,SAO PAULO,6,1995,Sociedade Limitada
35213137410,ORVINNI INDUSTRIA E COMERCIO LTDA,SAO PAULO,6,1995,Sociedade Limitada
35213137428,GEFRANTEC ASSISTENCIA TECNICA E COMERCIO LTDA.,SAO PAULO,6,1995,Sociedade Limitada
35213137436,PERSIANAS NAGOYA LTDA.,SAO PAULO,6,1995,Sociedade Limitada
35213137444,PETNET IMPORTACAO E EXPORTACAO LTDA,SAO PAULO,6,1995,Sociedade Limitada
35213137452,ALPHA INDUSTRIA E COMERCIO DE APARELHOS E ELETRONICOS E EQUIPAMENTOS HOSPITALARES LTDA.,SAO PAULO,6,1995,Sociedade Limitada
35213137461,COMERCIAL W.K. LTDA.,SAO PAULO,6,1995,Sociedade Limitada
35213137479,AUTO PECAS SILVA RIBEIRO LTDA.,BOITUVA,6,1995,Sociedade Limitada
35213137487,CASA DE ERVAS SAO BENEDITO LTDA.,SAO PAULO,6,1995,Sociedade Limitada
35213137495,TEMPERINHO REFEICOES LTDA.,SAO PAULO,6,1995,Sociedade Limitada
35213137509,"EXPORTEX COMERCIAL DISTRIBUIDORA, IMPORTADORA E EXPORTADORA LTDA",SAO PAULO,6,1995,Sociedade Limitada
35213137517,DEDETIZADORA FATAL LTDA.,VARZEA PAULISTA,6,1995,Sociedade Limitada
35213137525,RFR SERVICOS DE INSTALACOES TECNICAS LTDA.,SAO PAULO,6,1995,Sociedade Limitada
35213137533,DROGARIA SAO CARLOS BOTUCATU LTDA.,BOTUCATU,6,1995,Sociedade Limitada
35213137541,AGRO COMERCIAL VERDE CENTER LTDA.,MOGI DAS CRUZES,6,1995,Sociedade Limitada
35213137550,EDIMAAZ COMERCIO DE ALIMENTOS LTDA.,OSASCO,6,1995,Sociedade Limitada
35213137568,INFINITY PROPAGANDA LTDA.,SANTANA DE PARNAIBA,6,1995,Sociedade Limitada
35213137576,MERCANTIL BIANCHI MUSICAL LTDA.,SAO PAULO,6,1995,Sociedade Limitada
35213137584,G. & A. COMERCIO E LOCACAO DE FITAS VHS LTDA,TAUBATE,6,1995,Sociedade Limitada
35213137606,PIZZARIA LA SAVONA LTDA.,SAO PAULO,6,1995,Sociedade Limitada
35213137614,DISTRIBUIDORA DE BANANAS LEIRIA LTDA,SAO PAULO,6,1995,Sociedade Limitada
35213137622,W.N.BIJOUTERIAS COMERCIO LTDA.,SAO PAULO,6,1995,Sociedade Limitada
35213137631,COMERCIAL IMPORTADORA R.W. LTDA.,SAO PAULO,6,1995,Sociedade Limitada
35213137649,VEST'ART MAGAZINE LTDA.,SAO PAULO,6,1995,Sociedade Limitada
35213137657,MARBRISA ARTES GRAFICAS LTDA,SAO PAULO,6,1995,Sociedade Limitada
35213137665,ZOMON COMERCIO E INSTALACOES ELETRICAS LTDA,SAO PAULO,6,1995,Sociedade Limitada
35213137673,J. MARTINS COMERCIO EXTERIOR LTDA,SAO PAULO,6,1995,Sociedade Limitada
35213137681,ANALU PIZZARIA E ROTISSERIA COMERCIO LTDA,CAMPO LIMPO PAULISTA,6,1995,Sociedade Limitada
35213137690,RODRIGUES E LEMOS EDITORA LTDA.,SAO PAULO,6,1995,Sociedade Limitada
35213137703,VELARO COMERCIO E REPRESENTACOES LTDA,SAO PAULO,6,1995,Sociedade Limitada
35213137711,LUMAR COMERCIO DE MEIAS E MALHAS LTDA,SAO PAULO,6,1995,Sociedade Limitada
35213137720,REPRESENTACAO COMERCIAL CLACOSTA LTDA,SAO PAULO,6,1995,Sociedade Limitada
35213137738,R C A - IMPORTACAO E EXPORTACAO LTDA,ITAQUAQUECETUBA,6,1995,Sociedade Limitada
35213137746,COMERCIO DE ARMARINHOS TEMPA LTDA,SAO PAULO,6,1995,Sociedade Limitada
35213137754,MODAS 3.B. LTDA,SAO PAULO,6,1995,Sociedade Limitada
35213137762,TAVARES & FERNANDES MERCEARIA RIO PRETO LTDA.,SAO JOSE DO RIO PRETO,6,1995,Sociedade Limitada
35213137771,DANY-JU DECORACOES LTDA.,SAO JOSE DO RIO PRETO,6,1995,Sociedade Limitada
35213137789,GBR CONSULTORIA EM GESTAO EMPRESARIAL LTDA.,SAO JOSE DO RIO PRETO,6,1995,Sociedade Limitada
35213137797,EURIPEDES A DE OLIVEIRA & CIA LTDA,SAO JOSE DO RIO PRETO,6,1995,Sociedade Limitada
35213137801,MEGA PAO PANIFICADORA LTDA,SAO JOSE DO RIO PRETO,6,1995,Sociedade Limitada
35213137819,REAL CONSTRUCOES E PROJETOS LTDA.,SAO PAULO,6,1995,Sociedade Limitada
35213137827,COMERCIAL AQUARELA MAUA LTDA,MAUA,6,1995,Sociedade Limitada
35213137835,RAZOLI & SANTOS LOCADORA LTDA.,JACAREI,6,1995,Sociedade Limitada
35213137843,DERLI REPRESENTACOES TEXTEIS LTDA,IACANGA,6,1995,Sociedade Limitada
35213137851,PROTECEL COMERCIO E REPRESENTACOES LTDA.,DIADEMA,6,1995,Sociedade Limitada
35213137860,LUCIANA HENRIQUE REMONDI & CIA LTDA,SANTA BARBARA D'OESTE,6,1995,Sociedade Limitada
35213137878,REOLON MARQUES & MARQUES LTDA,PINDAMONHANGABA,6,1995,Sociedade Limitada
35213137886,ROSA PORANGABA DE OLIVEIRA E SILVA & CIA. LTDA.,TAUBATE,6,1995,Sociedade Limitada
35213137894,ECO INTERACAO COMUNICACAO SUSTENTAVEL LTDA,RIBEIRAO PRETO,6,1995,Sociedade Limitada
35213137908,SANTOS GARCIA TREINAMENTO EMPRESARIAL LTDA,RIBEIRAO PRETO,6,1995,Sociedade Limitada
35213137916,PORTAGE EMPREENDIMENTOS E PARTICIPACOES LTDA.,SAO PAULO,6,1995,Sociedade Limitada
35213137924,LOGUS PROCESSAMENTO DE DADOS TECNOLOGICOS LTDA,JUNDIAI,6,1995,Sociedade Limitada
35213137932,MONTAGE - PROJETOS E MONTAGENS INDUSTRIAIS LTDA.,SAO PAULO,6,1995,Sociedade Limitada
35213137941,ARTES MARICEL COMERCIO DE PRODUTOS ARTESANAIS LTDA,SAO PAULO,6,1995,Sociedade Limitada
35213137959,PANIFICADORA E CONFEITARIA MICA PEDRO LTDA,SAO PAULO,6,1995,Sociedade Limitada
35213137967,LOPES & FERREIRA PIRAJUI LTDA,PIRAJUI,6,1995,Sociedade Limitada
35213137975,TELEPIZZAS CANANDA LTDA,SAO PAULO,6,1995,Sociedade Limitada
35213137983,R.W. SIMAO INDUSTRIA E COMERCIO LTDA,SAO PAULO,6,1995,Sociedade Limitada
35213137991,DOMI MALHAS LTDA,SAO PAULO,6,1995,Sociedade Limitada
35213138009,DENIZE LUCAS NEVES & CIA LTDA,TEODORO SAMPAIO,6,1995,Sociedade Limitada
35213138017,ALFA TRIP COMERCIAL LTDA,COTIA,6,1995,Sociedade Limitada
35213137878,REOLON MARQUES & MARQUES LTDA,PINDAMONHANGABA,6,1995,Sociedade Limitada
35213137886,ROSA PORANGABA DE OLIVEIRA E SILVA & CIA. LTDA.,TAUBATE,6,1995,Sociedade Limitada
35213137894,ECO INTERACAO COMUNICACAO SUSTENTAVEL LTDA,RIBEIRAO PRETO,6,1995,Sociedade Limitada
35213137908,SANTOS GARCIA TREINAMENTO EMPRESARIAL LTDA,RIBEIRAO PRETO,6,1995,Sociedade Limitada
35213137916,PORTAGE EMPREENDIMENTOS E PARTICIPACOES LTDA.,SAO PAULO,6,1995,Sociedade Limitada
35213137924,LOGUS PROCESSAMENTO DE DADOS TECNOLOGICOS LTDA,JUNDIAI,6,1995,Sociedade Limitada
35213137932,MONTAGE - PROJETOS E MONTAGENS INDUSTRIAIS LTDA.,SAO PAULO,6,1995,Sociedade Limitada
35213137941,ARTES MARICEL COMERCIO DE PRODUTOS ARTESANAIS LTDA,SAO PAULO,6,1995,Sociedade Limitada
35213137959,PANIFICADORA E CONFEITARIA MICA PEDRO LTDA,SAO PAULO,6,1995,Sociedade Limitada
35213137967,LOPES & FERREIRA PIRAJUI LTDA,PIRAJUI,6,1995,Sociedade Limitada
35213137975,TELEPIZZAS CANANDA LTDA,SAO PAULO,6,1995,Sociedade Limitada
35213137983,R.W. SIMAO INDUSTRIA E COMERCIO LTDA,SAO PAULO,6,1995,Sociedade Limitada
35213137991,DOMI MALHAS LTDA,SAO PAULO,6,1995,Sociedade Limitada
35213138009,DENIZE LUCAS NEVES & CIA LTDA,TEODORO SAMPAIO,6,1995,Sociedade Limitada
35213138017,ALFA TRIP COMERCIAL LTDA,COTIA,6,1995,Sociedade Limitada
35213138025,ZANCA E BEZERRA LTDA,LEME,6,1995,Sociedade Limitada
35213138033,TRIGAIS PAES E DOCES LTDA,LENCOIS PAULISTA,6,1995,Sociedade Limitada
35213138041,4 SEASONS INDUSTRIA E COMERCIO LTDA.,PRAIA GRANDE,6,1995,Sociedade Limitada
35213138050,MAIOBEL COMERCIAL E IMPORTADORA LTDA.,SAO PAULO,6,1995,Sociedade Limitada
35213138068,ESTUDIO DIGITAL BELAS ARTES LTDA,SAO PAULO,6,1995,Sociedade Limitada
35213138076,CESION INFORMATICA LTDA.,SAO PAULO,6,1995,Sociedade Limitada
35213138084,PENICHE COMERCIO DE ROUPAS LTDA.,SAO BERNARDO DO CAMPO,6,1995,Sociedade Limitada
35213138092,MIRU'S BAR LTDA.,SAO PAULO,6,1995,Sociedade Limitada
35213138106,A.A.B. CONSTRUCOES E COMERCIO LTDA.,ROSEIRA,6,1995,Sociedade Limitada
35213138114,KHUL RESTAURANTE COMERCIO DE PRODUTOS ALIMENTICIOS LTDA.,SAO PAULO,6,1995,Sociedade Limitada
35213138122,COXS RESTAURANTE COMERCIO DE PRODUTOS ALIMENTICIOS LTDA.,SAO PAULO,6,1995,Sociedade Limitada
35213138131,LALM RESTAURANTE COMERCIO DE PRODUTOS ALIMENTICIOS LTDA.,SAO PAULO,6,1995,Sociedade Limitada
35213138149,SOREMPI COMERCIO E MANUTENCAO DE EMPILHADEIRAS LTDA,SOROCABA,6,1995,Sociedade Limitada
35213138157,CONFECCAO DELPHIM LTDA,RIO DAS PEDRAS,6,1995,Sociedade Limitada
35213138165,COMERCIAL INDEPENDENCIA DE PRODUTOS CIRURGICOS E HOSPITALARES LTDA,PIRACICABA,6,1995,Sociedade Limitada
35213138173,ESCAPAMENTOS COIMBRA VI LTDA,MAUA,6,1995,Sociedade Limitada
35213138181,MORUMBI PARKING COMERCIO E SERVICOS LTDA,SAO PAULO,6,1995,Sociedade Limitada
35213138190,CONFECCOES TRUE LTDA.,SAO PAULO,6,1995,Sociedade Limitada
35213138203,SO PAES INDUSTRIA E COMERCIO LTDA.,OSASCO,6,1995,Sociedade Limitada
35213138211,SANGOL - INDUSTRIA E COMERCIO LTDA.,MAIRINQUE,6,1995,Sociedade Limitada
35213138220,FORMA NATURAL COMERCIO DE MATERIAIS PARA CONSTRUCAO LTDA.,FRANCO DA ROCHA,6,1995,Sociedade Limitada
35213138238,CEL WELL CONFECCOES LTDA.,SAO PAULO,6,1995,Sociedade Limitada
35213138246,LUGGI COMERCIAL LTDA.,BARRA BONITA,6,1995,Sociedade Limitada
35213138254,DANTY ENXOVAIS LTDA.,PERUIBE,6,1995,Sociedade Limitada
35213138262,EL SHADDAI PIZZAS LTDA.,OSASCO,6,1995,Sociedade Limitada
35213138271,INDY VEICULOS E PECAS LTDA.,SAO PAULO,6,1995,Sociedade Limitada
35213138289,ANJU BAZAR E PAPELARIA LTDA.,SAO PAULO,6,1995,Sociedade Limitada
35213138297,GUARANI SERVICOS TECNICOS LTDA,SAO PAULO,6,1995,Sociedade Limitada
35213138301,DENTAL LYNCE LTDA.,BRAGANCA PAULISTA,6,1995,Sociedade Limitada
35213138327,JUNQ MATERIAIS DE CONSTRUCAO LTDA.,RIBEIRAO PRETO,6,1995,Sociedade Limitada
35213138335,RAMACHOTTI AUTO PECAS LTDA,SERTAOZINHO,6,1995,Sociedade Limitada
35213138343,PKR INDUSTRIA E COMERCIO DE EMBALAGENS LTDA.,RIBEIRAO PRETO,6,1995,Sociedade Limitada
35213138351,OTICA E RELOJOARIA REWYLON LTDA,PRADOPOLIS,6,1995,Sociedade Limitada
35213138360,"HOLANDES EMPREENDIMENTOS, PARTICIPACOES E SERVICOS LTDA.",JARDINOPOLIS,6,1995,Sociedade Limitada
35213138378,FAGAROTHI REPRESENTACOES LTDA,RIBEIRAO PRETO,6,1995,Sociedade Limitada
35213138386,C E K A P MOLAS E ARAMES LTDA.,SERTAOZINHO,6,1995,Sociedade Limitada
35213138394,ROBERTO MASAHIRO YAMAMOTO E CIA LTDA.,JACAREI,6,1995,Sociedade Limitada
35213138408,M.M. RODOVIARIO LTDA,RIBEIRAO PRETO,6,1995,Sociedade Limitada
35213138416,HAMAMURA & CIA. LTDA.,RIBEIRAO PRETO,6,1995,Sociedade Limitada
35213138424,D'ITALIA COMERCIO E REPRESENTACOES LTDA.,CAMPINAS,6,1995,Sociedade Limitada
35213138432,BAR BUTEKO RIBEIRAO PRETO LTDA,RIBEIRAO PRETO,6,1995,Sociedade Limitada
35213138441,T.C.O. MATERIAIS DE CONSTRUCOES LTDA.,BATATAIS,6,1995,Sociedade Limitada
35213138459,TRANSPORTADORA BORBA OLIVEIRA LTDA.,SALTO,6,1995,Sociedade Limitada
35213138467,TRANSPORTES E TURISMO VERANEIO LTDA,GUARULHOS,6,1995,Sociedade Limitada
35213138475,INTERLAGOS PALACE PAES E DOCES LTDA,SAO PAULO,6,1995,Sociedade Limitada
35213138483,BUSINESS PROPAGANDA PROMOCOES E EVENTOS LTDA.,SAO JOSE DOS CAMPOS,6,1995,Sociedade Limitada
35213138491,NOVE DE JULHO COMERCIO E SERVICOS DE PNEUS E PECAS LTDA.,JUNDIAI,6,1995,Sociedade Limitada
35213138505,F.S.R. - CHOPERIA E PRODUTOS ALIMENTICIOS LTDA.,SAO PAULO,6,1995,Sociedade Limitada
35213138513,BMR - COMERCIO DE PAINEIS ELETRICOS LTDA.,SAO PAULO,6,1995,Sociedade Limitada
35213138521,L ALLEGRO EXPRESS LANCHONETE LTDA,SAO BERNARDO DO CAMPO,6,1995,Sociedade Limitada
35213138530,AUTO POSTO DOMINGAO LTDA,SAO JOSE DOS CAMPOS,6,1995,Sociedade Limitada
35213138548,"XETA CONFECCOES, COMERCIO E PRESTACAO DE SERVICOS LTDA",CAMPINAS,6,1995,Sociedade Limitada
35213138556,J.B. RODRIGUES CONFECCOES LTDA - ME,MARILIA,6,1995,Sociedade Limitada
35213138564,CONEXO INDUSTRIA E COMERCIO LTDA.,CAMPINAS,6,1995,Sociedade Limitada
35213138572,IBERMAT DE DESENVOLVIMENTO AGROPECUARIO LTDA.,SAO PAULO,6,1995,Sociedade Limitada
35213138581,ALVES E ANDRADE COMERCIO E AFIACAO DE FERRAMENTAS LTDA.,SAO PAULO,6,1995,Sociedade Limitada
35213138599,LUCY BAR LTDA.,SAO PAULO,6,1995,Sociedade Limitada
35213138602,UNIATUAL ASSESSSORIA EMPRESARIAL E INFORMATICA LTDA,CAMPINAS,6,1995,Sociedade Limitada
35213138611,AUTO CENTER SPEED ESCAP LTDA,SAO PAULO,6,1995,Sociedade Limitada
35213138629,GETEAH EMPREENDIMENTO IMOBILIARIO LTDA.,SAO PAULO,6,1995,Sociedade Limitada
35213138637,COMERCIO DE ESPETINHOS DANTAS LTDA.,SAO PAULO,6,1995,Sociedade Limitada
35213138645,DPV- COMERCIO E INSTALACAO LTDA,CAMPINAS,6,1995,Sociedade Limitada
35213138653,CHEVALE COMERCIAL E IMPORTADORA DE VEICULOS LTDA.,SAO BERNARDO DO CAMPO,6,1995,Sociedade Limitada
35213138661,PICHINIM - SERVICOS AUTOMOTIVOS LTDA.,SAO PAULO,6,1995,Sociedade Limitada
35213138670,CSOFT DO BRASIL LTDA,SAO PAULO,6,1995,Sociedade Limitada
35213138688,CLIMA - FAST FOOD LTDA.,SAO PAULO,6,1995,Sociedade Limitada
35213138696,CASA RODA LIVRE COMERCIO DE AUTO PECAS E REPARACAO DE VEICULOS LTDA,SAO PAULO,6,1995,Sociedade Limitada
35213138700,AYYA GESTAO E SOLUCOES EM SAUDE LTDA,SAO PAULO,6,1995,Sociedade Limitada
35213138718,R.C.S. COSMETICOS LTDA,SAO PAULO,6,1995,Sociedade Limitada
35213138726,MASTRANGELO-DISTRIBUIDORA DE PNEUS IMPORTACAO E EXPORTACAO LTDA,SAO PAULO,6,1995,Sociedade Limitada
35213138734,BARATO TOTAL CONFECCOES E TECIDOS LTDA.,BRAGANCA PAULISTA,6,1995,Sociedade Limitada
35213138742,SAVA EMPREITEIRA LTDA.,SANTANA DE PARNAIBA,6,1995,Sociedade Limitada
35213138751,POLLICAR NELSON LTDA,SAO PAULO,6,1995,Sociedade Limitada
35213138769,PIGELATTI-OFICINA DO SORVETE COMERCIO DE ALIMENTOS LTDA,SAO PAULO,6,1995,Sociedade Limitada
35213138777,RONIFER COMERCIO DE FITAS DE ACO LTDA,SAO PAULO,6,1995,Sociedade Limitada
35213138785,WEST ROUP CONFECCOES E COMERCIO LTDA,SAO PAULO,6,1995,Sociedade Limitada
35213138793,"JOSECLE AUTO PECAS, MECANICA E FUNILARIA LTDA",SAO PAULO,6,1995,Sociedade Limitada
35213138807,RM SAT COMERCIO DE ANTENAS LTDA,SAO PAULO,6,1995,Sociedade Limitada
35213138815,CENTRO AUTOMOTIVO MARTINS LTDA,SOROCABA,6,1995,Sociedade Limitada
35213138823,SECULUS PRODUCOES E CRIACOES LTDA,COTIA,6,1995,Sociedade Limitada
35213138831,NDS COMERCIO SERVICOS DE INFORMATICA LTDA.,PIRAPORA DO BOM JESUS,6,1995,Sociedade Limitada
35213138840,TREVO LOCADORA DE BILHARES LTDA,EMBU,6,1995,Sociedade Limitada
35213138858,MERCEARIA E DOCERIA FIALHO LTDA,SAO PAULO,6,1995,Sociedade Limitada
35213138866,CASA DE CARNES E AVICOLA MARILDA LTDA,SAO PAULO,6,1995,Sociedade Limitada
35213138874,"H. B. COMPANY IMPORTACAO, EXPORTACAO E COMERCIO LTDA.",SAO PAULO,6,1995,Sociedade Limitada
35213138882,G 3 INDUSTRIA E COMERCIO DE BORRACHAS LTDA.,LOUVEIRA,6,1995,Sociedade Limitada
35213138891,GILVI SERVICOS ADMINISTRATIVOS LTDA.,SAO PAULO,6,1995,Sociedade Limitada
35213138904,MANUTEC EQUIPAMENTOS PARA ESCRITORIO LTDA.,SAO PAULO,6,1995,Sociedade Limitada
35213138912,DOS SANTOS & COUTO LTDA,JALES,6,1995,Sociedade Limitada
35213138921,VIDA CAMPESTRE-CONFECCOES LTDA.,BEBEDOURO,6,1995,Sociedade Limitada
35213138939,BRASIL EXPORT-COMERCIO INTERNACIONAL E REPRESENTACAO LTDA.,SAO PAULO,6,1995,Sociedade Limitada
35213138947,MALOCA DO BAIANO COMERCIAL LTDA.,GUARULHOS,6,1995,Sociedade Limitada
35213138955,G-PEL INDUSTRIA E COMERCIO LTDA.,SAO PAULO,6,1995,Sociedade Limitada
35213138963,COLOUR KIMY INDUSTRIA LTDA.,ITUPEVA,6,1995,Sociedade Limitada
35213138971,LIDER CORREIAS E MANGUEIRAS LTDA.,SAO PAULO,6,1995,Sociedade Limitada
35213138980,BEAT ARTHUR BAUMGARTNER LTDA,LUCELIA,6,1995,Sociedade Limitada
35213138998,FENIX CONFECCAO DE ROUPAS ESPORTIVAS LTDA,SAO PAULO,6,1995,Sociedade Limitada
35213139005,SANCHES & FERREIRA LANCHONETE LTDA,SANTO ANDRE,6,1995,Sociedade Limitada
35213139013,K-11 VIDEO E LOCADORA LTDA.,SAO PAULO,6,1995,Sociedade Limitada
35213139021,FARMA & FORMULA FARMACIA DE MANIPULACAO LTDA.,TAUBATE,6,1995,Sociedade Limitada
35213139030,PRESERTEC SERVICOS DE CALIBRACAO LTDA,PINDAMONHANGABA,6,1995,Sociedade Limitada
35213139048,TOSTARI- PIZZARIA E RESTAURANTE LTDA,SANTO ANDRE,6,1995,Sociedade Limitada
35213139056,BR CAR DIESEL LTDA,SAO PAULO,6,1995,Sociedade Limitada
35213139064,FORTFIO BERTUZZI TRANCADOS DE NYLON LTDA,SANTO ANDRE,6,1995,Sociedade Limitada
35213139072,NEW-DECOR PEDRAS DECORATIVAS LTDA-,SAO PAULO,6,1995,Sociedade Limitada
35213139081,IL TEMPO MOVEIS LTDA.,SAO PAULO,6,1995,Sociedade Limitada
35213139099,MACEDO & MACEDO LTDA.,APARECIDA,6,1995,Sociedade Limitada
35213139102,SANTOS E TOLEDO TAUBATE LTDA,TAUBATE,6,1995,Sociedade Limitada
35213139111,NBC AGENCIAMENTO LTDA.,SAO JOSE DO RIO PRETO,6,1995,Sociedade Limitada
35213139129,LANCHONETE E MARMITEX N.SRA. APARECIDA LTDA.,SAO JOSE DO RIO PRETO,6,1995,Sociedade Limitada
35213139137,FOX RIO PRETO INFORMATICA LTDA.,SAO JOSE DO RIO PRETO,6,1995,Sociedade Limitada
35213139145,PESPONTO JUSTINIANO LTDA.,FRANCA,6,1995,Sociedade Limitada
35213139153,BRASCOURO FRANCA COMERCIO E REPRESENTACOES LTDA.,FRANCA,6,1995,Sociedade Limitada
35213139161,ALLOG-ALUMINIO DA PARA LTDA.,CUBATAO,6,1995,Sociedade Limitada
35213139170,LOCASANTOS OPERADORES PORGUARIOS LTDA.,SANTOS,6,1995,Sociedade Limitada
35213139188,AGROSENA PRODUCAO E COMERCIO DE PRODUTOS RURAIS LTDA.,SAO PAULO,6,1995,Sociedade Limitada
35213139196,L.C.K. GRAFICA E EDITORA LTDA,SAO PAULO,6,1995,Sociedade Limitada
35213139200,SUPRISTAR SUPRIMENTOS ESCOLARES E MATERIAL PARA ESCRITORIO LTDA.,SANTO ANDRE,6,1995,Sociedade Limitada
35213139218,GRAO RF LTDA,SAO BERNARDO DO CAMPO,6,1995,Sociedade Limitada
35213139226,LGP - REPRESENTACAO COMERCIAL LTDA.,SANTO ANDRE,6,1995,Sociedade Limitada
35213139234,R.L.M. GERENCIAMENTO E NEGOCIOS LTDA.,SANTO ANDRE,6,1995,Sociedade Limitada
35213139242,MEGA EVENTOS E ENTRETENIMENTO LTDA,SANTO ANDRE,6,1995,Sociedade Limitada
35213139251,PENTAGONO DO BRASIL LTDA.,SAO PAULO,6,1995,Sociedade Limitada
35213139269,DAMASCENO & TAVARES LTDA.,SANTOS,6,1995,Sociedade Limitada
35213139277,MAR EDITORA LTDA,SAO PAULO,6,1995,Sociedade Limitada
35213139285,INTERACTIVE ANTENNA TECHNOLOSY LTDA.,SAO PAULO,6,1995,Sociedade Limitada
35213139293,ALPHAVILLE CHINA COMIDA ORIENTAL LTDA,BARUERI,6,1995,Sociedade Limitada
35213139307,AUTO MECANICA J.V. VEICULOS LTDA.,GUARAREMA,6,1995,Sociedade Limitada
35213139315,PROSTEC REFRIGERACAO COMERCIO DE PECAS E ASSISTENCIA TECNICA LTDA.,SAO PAULO,6,1995,Sociedade Limitada
35213139323,MAO NA LUA - RESTAURANTE E LANCHONETE LTDA,MOGI DAS CRUZES,6,1995,Sociedade Limitada
35213139331,OLARIA CAMPONESA LTDA.,PORTO FERREIRA,6,1995,Sociedade Limitada
35213139340,GREENER FACTORING FOMENTO MERCANTIL LTDA.,SANTA ISABEL,6,1995,Sociedade Limitada
35213139358,ESKALA BAR E MERCEARIA LTDA,SAO JOSE DOS CAMPOS,6,1995,Sociedade Limitada
35213139366,MIACCI & MIACCI ESTACIONAMENTO LTDA,SAO JOSE DOS CAMPOS,6,1995,Sociedade Limitada
35213139374,BORSSATO IRACEMAPOLIS AUTO POSTO LTDA,IRACEMAPOLIS,6,1995,Sociedade Limitada
35213139382,PPR - COMERCIO E REPRESENTACOES LTDA,SAO PAULO,6,1995,Sociedade Limitada
35213139391,TYMAR VIDEO COMERCIO E LOCACAO DE FITAS DE VIDEO E AUDIO LTDA,SAO BERNARDO DO CAMPO,6,1995,Sociedade Limitada
35213139404,LPD COMERCIAL E LOCADORA PASSARELLI DA UD LTDA,SAO PAULO,6,1995,Sociedade Limitada
35213139412,ELMOS DISTRIBUIDORA LTDA,SAO PAULO,6,1995,Sociedade Limitada
35213139421,ACTION QUIMICA COMERCIAL LTDA.,CAMPINAS,6,1995,Sociedade Limitada
35213139439,AGUALANDIA DISTRIBUIDORA DE AGUAS MINERAIS LTDA,SAO PAULO,6,1995,Sociedade Limitada
35213139447,ALICAE CAPAELLA CONFECCOES LTDA,SAO PAULO,6,1995,Sociedade Limitada
35213139455,R.R. CAFE EXPRESSO LTDA,SOROCABA,6,1995,Sociedade Limitada
35213139463,BAIXINHO - AUTO CENTER ALINHAMENTO LTDA.,SAO PAULO,6,1995,Sociedade Limitada
35213139471,MARQUES E TENORIO LTDA.,MOGI-MIRIM,6,1995,Sociedade Limitada
35213139480,PALUEL REPRESENTACOES E TRANSPORTES LTDA.,SAO PAULO,6,1995,Sociedade Limitada
35213139498,CUNHA & FREITAS LTDA.,CAMPINAS,6,1995,Sociedade Limitada
35213139501,MASTERTECH IT SOLUTIONS INFORMATICA E COMUNICACAO LTDA.,SAO PAULO,6,1995,Sociedade Limitada
35213139510,RDC CORRETAGEM DE SEGUROS LTDA,BARUERI,6,1995,Sociedade Limitada
35213139528,DROGARIA GUARIBA LTDA.,SANTO ANDRE,6,1995,Sociedade Limitada
35213139536,UNIMAQ AUTOMACAO INDUSTRIAL E USINAGEM LTDA,BRAGANCA PAULISTA,6,1995,Sociedade Limitada
35213139544,DANDI REPRESENTACOES LTDA.,RIBEIRAO PRETO,6,1995,Sociedade Limitada
35213139552,JOAO ADRIANO REPRESENTACOES LTDA.,JARDINOPOLIS,6,1995,Sociedade Limitada
35213139561,MARCOS E CESAR REPRESENTACOES LTDA.,MOCOCA,6,1995,Sociedade Limitada
35213139579,NICANOR PINTO E CIA LTDA.,RIBEIRAO PRETO,6,1995,Sociedade Limitada
35213139587,CECCONELLO & ALVES LTDA.,MOGI MIRIM,6,1995,Sociedade Limitada
35213139595,FARIA COMERCIO DE GAS E TRANSPORTES LTDA,CORDEIROPOLIS,6,1995,Sociedade Limitada
35213139609,GEO BASE ENGENHARIA LTDA.,TATUI,6,1995,Sociedade Limitada
35213139617,ACQUA VILLE TOUR - AGENCIA DE VIAGEM E TURISMO LTDA.,SAO PAULO,6,1995,Sociedade Limitada
35213139625,J.A.J ACABAMENTOS GRAFICOS LTDA.,SAO PAULO,6,1995,Sociedade Limitada
35213139633,MORIA AGENCIA DE VIAGENS E TURISMO LTDA.,ITUPEVA,6,1995,Sociedade Limitada
35213139641,CRIPPA & MOTA LTDA.,SAO PAULO,6,1995,Sociedade Limitada
35213139650,LANCHERIA E RESTAURANTE 5C LTDA.,ARARAQUARA,6,1995,Sociedade Limitada
35213139668,EMMPROL COMERCIAL LTDA.,MARILIA,6,1995,Sociedade Limitada
35213139676,CASA GRANDE DE BAURU PADARIA E CONFEITARIA LTDA.,BAURU,6,1995,Sociedade Limitada
35213139684,ALTA PAULISTA INDUSTRIA E COMERCIO DE JOIAS LTDA.,MARILIA,6,1995,Sociedade Limitada
35213139692,MP - REDES INFORMATICA LTDA.,SANTANA DE PARNAIBA,6,1995,Sociedade Limitada
35213139706,MUHAMMAD & MAYSSAR ARARAQUARA LTDA - ME,ARARAQUARA,6,1995,Sociedade Limitada
35213139714,MERCEARIA TAMANDARE DE MARILIA LTDA,MARILIA,6,1995,Sociedade Limitada
35213139722,CAMILA SILVA COMERCIO DE MOVEIS LTDA.,OSASCO,6,1995,Sociedade Limitada
35213139731,BAZAR VERTICE'S LTDA.,MATAO,6,1995,Sociedade Limitada
35213139749,R.C. COMERCIO E SERVICOS LTDA.,SAO CAETANO DO SUL,6,1995,Sociedade Limitada
35213139757,TRES OPCOES COMERCIO DE PRODUTOS DIETETICOS LTDA.,BOTUCATU,6,1995,Sociedade Limitada
35213139765,CONFECCOES GRANDE PAIOL LTDA.,SAO BENTO DO SAPUCAI,6,1995,Sociedade Limitada
35213139773,LEC LANCHES E SUCOS LTDA,SAO JOSE DOS CAMPOS,6,1995,Sociedade Limitada
35213139790,TRES PRINCESAS DO ABC COMERCIO DE ROUPAS E CALCADOS LTDA.,SANTO ANDRE,6,1995,Sociedade Limitada
35213139803,EDICOES CIRCULO DA BIBLIA LTDA.,SAO PAULO,6,1995,Sociedade Limitada
35213139811,AUSIN POWER ELETRONICA LTDA.,SAO PAULO,6,1995,Sociedade Limitada
35213139820,FARGRAO COMERCIO DE CEREAIS LTDA.,SAO PAULO,6,1995,Sociedade Limitada
35213139838,TM3 - MODCON DE ROUPAS LTDA.,GUARULHOS,6,1995,Sociedade Limitada
35213139846,JOAO CARLOS LISBOA & CIA.LTDA.,SAO ROQUE,6,1995,Sociedade Limitada
35213139854,ZONFRILLI VEICULOS LTDA,CANDIDO MOTA,6,1995,Sociedade Limitada
35213139862,MUGNAINI & LUIZ LTDA.,LIMEIRA,6,1995,Sociedade Limitada
35213139871,M.A. BENGUELA & POLITTI LTDA.,PRESIDENTE PRUDENTE,6,1995,Sociedade Limitada
35213139889,RIFANE-COMERCIO DE MATERIAIS HIDRAULICOS LTDA.,PRESIDENTE PRUDENTE,6,1995,Sociedade Limitada
35213139897,CASA DE CARNES FREITAS FILHO E MOTA DE PIRAPOZINHO LTDA.,PIRAPOZINHO,6,1995,Sociedade Limitada
35213139901,SNACKLY COMERCIO DE DOCES LTDA.,GUARULHOS,6,1995,Sociedade Limitada
35213139919,BATISTELA E SILVEIRA LTDA.,MONTE AZUL PAULISTA,6,1995,Sociedade Limitada
35213139927,CITROFAF-COMERCIO DE FRUTAS LTDA.,SEVERINIA,6,1995,Sociedade Limitada
35213139935,SILVIA REGINA DOMINGOS & CIA. LTDA.,SEVERINIA,6,1995,Sociedade Limitada
35213139943,MANTOVANI BRINQUEDOS E CONFECCOES LTDA.,GUARULHOS,6,1995,Sociedade Limitada
35213139951,YVANKA COMERCIAL E CONFECCOES LTDA.,SAO PAULO,6,1995,Sociedade Limitada
35213139960,DELTAMAR HIDRAULICA FERRAGENS E TRANSPORTE LTDA.,SAO PAULO,6,1995,Sociedade Limitada
35213139978,SHEILITA REPRESENTACAO COMERCIAL LTDA.,SAO PAULO,6,1995,Sociedade Limitada
35213139986,OTACILIO ROSA & CIA. LTDA.,BAURU,6,1995,Sociedade Limitada
35213139994,RIMARCO INDUSTRIA E COMERCIO DE PLASTICOS LTDA.,DIADEMA,6,1995,Sociedade Limitada
35213140003,DUPIN IMPORTACAO E COMERCIO DE AUTOMOVEIS LTDA.,SAO PAULO,6,1995,Sociedade Limitada
35213140011,HORTIFRUTIGRANJEIRO CONDE COSTA LTDA.,SAO PAULO,6,1995,Sociedade Limitada
35213140020,AS&D - CONSULTORIA EM SISTEMAS E PROCESSOS LTDA.,SAO PAULO,6,1995,Sociedade Limitada
35213140038,SOFT PLACE COMERCIO DE INFORMATICA LTDA.,OSASCO,6,1995,Sociedade Limitada
35213140054,"PAPELARIA ""A ESCOLAR"" LTDA.",TAMBAU,6,1995,Sociedade Limitada
35213140062,"NUMIN EDUCACAO, CULTURA E COMERCIAL LTDA",CAMPINAS,6,1995,Sociedade Limitada
35213140071,BARCELLINI & SILVA ADESIVOS LTDA,CAMPINAS,6,1995,Sociedade Limitada
35213140089,"A.N.F. SERVICOS, LOCACOES E COMERCIO LTDA",CAMPINAS,6,1995,Sociedade Limitada
35213140097,"AGOSTINO DE ROSE, COMERCIO DE ROUPAS E ACESSORIOS LTDA",MIRANDOPOLIS,6,1995,Sociedade Limitada
35213140101,ELMEFARIA PUBLICACOES COMERCIO E SERVICOS LTDA.,SAO PAULO,6,1995,Sociedade Limitada
35213140119,BAR E RESTAURANTE MADUREIRA LTDA,SAO PAULO,6,1995,Sociedade Limitada
35213140127,COMERCIAL PLANALTO CENTRAL LTDA.,SAO PAULO,6,1995,Sociedade Limitada
35213140135,VALIM DE MARIO & CIA LTDA.,MAIRINQUE,6,1995,Sociedade Limitada
35213140143,"NOGUEROL, FURINI & VASCONCELOS LTDA.",DRACENA,6,1995,Sociedade Limitada
35213140151,PIT STOP SAMBAR LTDA.,GUARULHOS,6,1995,Sociedade Limitada
35213140160,VIPE-BIRIGUI INDUSTRIA E COMERCIO DE CALCADOS LTDA.,BIRIGUI,6,1995,Sociedade Limitada
35213140178,MELO & SANTOS ARACATUBA LTDA.,ARACATUBA,6,1995,Sociedade Limitada
35213140186,CONSTRUTORA ROBERTO DAINEZ LTDA,ARACATUBA,6,1995,Sociedade Limitada
35213140194,MARANATHA AGRO INDUSTRIAL LTDA.,SAO PAULO,6,1995,Sociedade Limitada
35213140208,VELBOX INDUSTRIA E COMERCIO DE ESQUADRIAS DE ALUMINIO LTDA.,ARACATUBA,6,1995,Sociedade Limitada
35213140216,LYNCE VIAGENS E TURISMO LTDA,SAO PAULO,6,1995,Sociedade Limitada
35213140224,EXPEDITO ALVES DINIZ & CIA LTDA,PIRASSUNUNGA,6,1995,Sociedade Limitada
35213140232,SAGAWA & ROCHA LTDA,SAO JOSE DOS CAMPOS,6,1995,Sociedade Limitada
35213140241,CONFECCOES BOTTON MODAS LTDA.,BAURU,6,1995,Sociedade Limitada
35213140259,BETA RADIO LTDA.,SAO PAULO,6,1995,Sociedade Limitada
35213140267,SFA COMERCIO DE MADEIRAS E EQUIPAMENTOS LTDA,SAO PAULO,6,1995,Sociedade Limitada
35213140275,IMPORTADORA SANTA ADELIA LTDA,SAO PAULO,6,1995,Sociedade Limitada
35213140283,BUDDY'S INDUSTRIA E COMERCIO DE CONFECCOES LTDA.,SAO PAULO,6,1995,Sociedade Limitada
35213140291,REMAX ELETRONICA LTDA,SAO PAULO,6,1995,Sociedade Limitada
35213140305,"RADIO BETEL FM 98,9 MEGAHERTZ LTDA.",SAO PAULO,6,1995,Sociedade Limitada
35213140313,KALAO OPERADORA DE TURISMO LTDA.,SAO PAULO,6,1995,Sociedade Limitada
35213140321,ONZE & ONZE COMERCIO E REPRESENTACOES LTDA.,SAO PAULO,6,1995,Sociedade Limitada
35213140330,TOP LINE AUTOMOVEIS LTDA,GUARULHOS,6,1995,Sociedade Limitada
35213140348,INDUSTRIA E COMERCIO S.V.G.D. LTDA.,SAO PAULO,6,1995,Sociedade Limitada
35213140356,UNICA MAO-DE-OBRA TEMPORARIA LTDA,SAO BERNARDO DO CAMPO,6,1995,Sociedade Limitada
35213140364,ZIELE CONFECCOES LTDA,GUARULHOS,6,1995,Sociedade Limitada
35213140372,PAW PROJETOS LTDA.,SAO PAULO,6,1995,Sociedade Limitada
35213140381,FUTURE MANAGEMENT SERVICES DO BRASIL LTDA,SAO PAULO,6,1995,Sociedade Limitada
35213140399,INDUSTRIA GUARULHENSE DE BONES LTDA,GUARULHOS,6,1995,Sociedade Limitada
35213140402,AUTO PECAS BONS AMIGOS LTDA,SAO PAULO,6,1995,Sociedade Limitada
35213140411,VINI PERFUMARIA LTDA,SAO PAULO,6,1995,Sociedade Limitada
35213140429,MAGEFORME ROUPAS PROFISSIONAIS LTDA,SAO PAULO,6,1995,Sociedade Limitada
35213140437,FONTAINHA COMERCIO DE ARTIGOS DO VESTUARIO LTDA.,CAMPO LIMPO PAULISTA,6,1995,Sociedade Limitada
35213140445,CIOSA EMPREITEIRA E SERVICOS GERAIS DE CONSTRUCAO CIVIL LTDA.,GUARULHOS,6,1995,Sociedade Limitada
35213140453,KLEITON GAMES LOCADORA LTDA.,SAO PAULO,6,1995,Sociedade Limitada
35213140461,BAUHAUS SOFTWARE COMERCIO SERVICOS DE INFORMATICA LTDA.,PIRAPORA DO BOM JESUS,6,1995,Sociedade Limitada
35213140470,JYOHO INFORMATICA LTDA.,SANTANA DE PARNAIBA,6,1995,Sociedade Limitada
35213140488,SFERA EMPRESA DE FOMENTO MERCANTIL LTDA.,MARILIA,6,1995,Sociedade Limitada
35213140496,TAGEL FIBRAS E RESINAS PLASTICAS LTDA.,PIRASSUNUNGA,6,1995,Sociedade Limitada
35213140500,QUALITY CENTER COMERCIO DE EMBALAGENS LTDA.,SAO PAULO,6,1995,Sociedade Limitada
35213140518,RESTAURANTE E PEIXARIA BENASSI DE ITAPIRA LTDA.,ITAPIRA,6,1995,Sociedade Limitada
35213140526,PSBG TRANSPORTES RAPIDOS LTDA.,SALTO,6,1995,Sociedade Limitada
35213140534,QUITANDA SIMONSEN LTDA.,SAO CAETANO DO SUL,6,1995,Sociedade Limitada
35213140542,EMPRESA DE TRANSPORTE CISNE NEGRO LTDA.,GUARULHOS,6,1995,Sociedade Limitada
35213140551,DRAGON FLY COMERCIO E SERVICOS LTDA.,ITAPETININGA,6,1995,Sociedade Limitada
35213140569,LANCHONETE DI MARCO LTDA.,CAMPINAS,6,1995,Sociedade Limitada
35213140577,JACSYS SISTEMAS DE GESTAO LTDA,CAMPINAS,6,1995,Sociedade Limitada
35213140585,ALVORADA PNEUS CRUZEIRO LTDA.,CRUZEIRO,6,1995,Sociedade Limitada
35213140593,EXPRESSO ARRUDA LTDA.,JAU,6,1995,Sociedade Limitada
35213140607,CYBERPUNK COMERCIO DE REVISTAS LTDA,SAO PAULO,6,1995,Sociedade Limitada
35213140615,ACQUAZUL COMERCIO E SERVICOS DE LIMPEZA LTDA.,SERRA NEGRA,6,1995,Sociedade Limitada
35213140623,BORTULUZI E GUARNIERI LTDA.,VOTUPORANGA,6,1995,Sociedade Limitada
35213140631,HAWORTH DO BRASIL COMERCIO DE MOVEIS PARA ESCRITORIO LTDA.,SAO PAULO,6,1995,Sociedade Limitada
35213140640,REGINAKA DISTRIBUIDORA DE HORTIFRUTIGRANJEIROS LTDA.,SAO PAULO,6,1995,Sociedade Limitada
35213140658,USINA DE LEITE DIAMANTE LTDA.,LINS,6,1995,Sociedade Limitada
35213140666,AUTO MECANICA FUNILARIA PINTURA VENTURINI LTDA,SAO PAULO,6,1995,Sociedade Limitada
35213140674,COMERCIO HIDRAULICA E CONSTRUCAO CIVIL TRISTAO LTDA,SAO PAULO,6,1995,Sociedade Limitada
35213140682,"ABK COMERCIO, IMPORTACAO E EXPORTACAO, REPRESENTACOES E SERVICOS LTDA.",SAO PAULO,6,1995,Sociedade Limitada
35213140691,CHOCOLATE DA CHACARA LTDA.,SAO PAULO,6,1995,Sociedade Limitada
35213140704,SERRALHERIA CARLAO TAIUVA LTDA,TAIUVA,6,1995,Sociedade Limitada
35213140712,JOZZI DO BRASIL INDUSTRIA E COMERCIO DE ETIQUETAS LTDA,BAURU,6,1995,Sociedade Limitada
35213140721,RODRIC COMERCIO E SERVICOS DE INFORMATICA LTDA.,PIRAPORA DO BOM JESUS,6,1995,Sociedade Limitada
35213140739,BORSSATO CAPIVARI AUTO POSTO LTDA.,CAPIVARI,6,1995,Sociedade Limitada
35213140747,"SAN CHRISTOVAM EMPREENDIMENTOS, PROMOCOES NAUTICA,TRANSP ORTE DE PASSAGEIROS E MARINA LTDA.",CACONDE,6,1995,Sociedade Limitada
35213140755,PEDRA NOVA ENGENHARIA LTDA,SAO PAULO,6,1995,Sociedade Limitada
35213140763,T.E.C.S. COMERCIO REPRESENTACOES E SERVICOS LTDA.,POA,6,1995,Sociedade Limitada
35213140771,F. GONZALEZ COMERCIO E CONSULTORIA DE INFORMATICA LTDA.,POA,6,1995,Sociedade Limitada
35213140780,LANCHORELLA LANCHES LTDA,SAO PAULO,6,1995,Sociedade Limitada
35213140798,IDE'ART MERCANTIL PUBLICIDADE E PROPAGANDA LTDA.,SAO PAULO,6,1995,Sociedade Limitada
35213140801,CORPORE COMERCIO E SERVICOS DE INFORMATICA LTDA.,JUQUITIBA,6,1995,Sociedade Limitada
35213140810,PIZZARUA TATINELLI'S LTDA.,OSASCO,6,1995,Sociedade Limitada
35213140828,NEW SHAPE CLINICA DE ESTETICA E COMERCIO LTDA,SAO PAULO,6,1995,Sociedade Limitada
35213140836,B & G COMUNICACAO E MARKENTING LTDA,JUQUITIBA,6,1995,Sociedade Limitada
35213140844,FADRI PROMOCOES E EVENTOS LTDA,SAO PAULO,6,1995,Sociedade Limitada
35213140852,CONSTRUVARGAS COMERCIO DE MATERIAIS DE CONSTRUCAO LTDA,SAO BERNARDO DO CAMPO,6,1995,Sociedade Limitada
35213140861,PIRES DE ALMEIDA & CIA LTDA,SOROCABA,6,1995,Sociedade Limitada
35213140879,D'LINE COMERCIO DE TECIDOS E AVIAMENTOS LTDA,SOROCABA,6,1995,Sociedade Limitada
35213140887,GRIFFO - REPRESENTACAO IMPORTACAO E EXPORTACAO LTDA,SAO PAULO,6,1995,Sociedade Limitada
35213140895,BORSSATO ITUPEVA AUTO POSTO LTDA.,ITUPEVA,6,1995,Sociedade Limitada
35213140909,SIQUELERO SERRAZUL AUTO POSTO LTDA,ITUPEVA,6,1995,Sociedade Limitada
35213140917,BERTINI SERVICOS DE INFORMATICA LTDA.,SAO PAULO,6,1995,Sociedade Limitada
35213140925,C.M.C. COMERCIO E SERVICOS DE INFORMATICA LTDA.,POA,6,1995,Sociedade Limitada
35213140933,D.M.G. CONSULTORIA DE INFORMATICA LTDA,SAO PAULO,6,1995,Sociedade Limitada
35213140941,N.I.F. COMERCIO E SERVICOS DE INFORMATICA LTDA.,POA,6,1995,Sociedade Limitada
35213140950,RTT COMERCIO E CONSULTORIA DE INFORMATICA LTDA.,POA,6,1995,Sociedade Limitada
35213140968,ANSWER CONSULTORIA E REPRESENTACAO COMERCIAL DE PRODUTOS DE INFORMATICA LTDA,POA,6,1995,Sociedade Limitada
35213140976,INFOCARE COMERCIO E CONSULTORIA DE INFORMATICA LTDA.,POA,6,1995,Sociedade Limitada
35213140984,TECH SPRAYER EMBALAGENS LTDA.,SAO PAULO,6,1995,Sociedade Limitada
35213140992,BANDIASSU EVENTOS LTDA,SAO PAULO,6,1995,Sociedade Limitada
35213141000,TRANSIGA TRANSPORTES CARAPICUIBA LTDA,CARAPICUIBA,6,1995,Sociedade Limitada
35213141018,CONSOL COMERCIO E SERVICOS DE INFORMATICA LTDA.,POA,6,1995,Sociedade Limitada
35213141026,JARMS COMERCIO E CONSULTORIA DE INFORMATICA LTDA.,POA,6,1995,Sociedade Limitada
35213141034,PAES E DOCES RAINHA DO NELIA LTDA,SAO PAULO,6,1995,Sociedade Limitada
35213141042,USIMAC EQUIPAMENTOS LTDA,SAO BERNARDO DO CAMPO,6,1995,Sociedade Limitada
35213141051,CAIRES & CAIRES DISTRIBUIDORA DE AGUAS E BEBIDAS LTDA,BEBEDOURO,6,1995,Sociedade Limitada
35213141069,G.P. COMERCIAL ELETRONICA LTDA.,SAO PAULO,6,1995,Sociedade Limitada
35213141077,SUPERMERCADO LUGANO LTDA.,SAO PAULO,6,1995,Sociedade Limitada
35213141085,RECCON PLANEJAMENTO E OBRAS LTDA.,SAO PAULO,6,1995,Sociedade Limitada
35213141093,C.A. CELSO E ADEMIR COMERCIO DE DOCES E SALGADOS LTDA.,SAO PAULO,6,1995,Sociedade Limitada
35213141107,UNIKKA SOLUCOES E CONTROLE LTDA.,SAO PAULO,6,1995,Sociedade Limitada
35213141115,JACQUELINE GONCALVES DOS SANTOS & CIA LTDA.,SAO VICENTE,6,1995,Sociedade Limitada
35213141123,H & G - COMERCIO DE ALIMENTOS E REPRESENTACAO LTDA,VARGEM GRANDE PAULISTA,6,1995,Sociedade Limitada
35213141131,IGLESIAS REPRESENTACOES LTDA.,VARGEM GRANDE PAULISTA,6,1995,Sociedade Limitada
35213141140,THEMAFER COMERCIO E INDUSTRIA DE FERRAMENTAS LTDA.,SAO PAULO,6,1995,Sociedade Limitada
35213141158,ESTACAO CAPIM FINO IGUARIAS E BOTEQUIM LTDA.-ME.,CAMPINAS,6,1995,Sociedade Limitada
35213141166,SATISFACTION COMERCIO DE CONFECCOES LTDA.,SAO PAULO,6,1995,Sociedade Limitada
35213141174,RAPHA PRESENTES E ARTIGOS ESPORTIVOS LTDA.,SAO PAULO,6,1995,Sociedade Limitada
35213141182,VITORIA REGIA COMERCIAL E DISTRIBUIDORA DE FLORES LTDA.,CAMPINAS,6,1995,Sociedade Limitada
35213141191,A.C.E.P DE OLIVEIRA CORDARO CONSULTORIA LTDA.,SAO PAULO,6,1995,Sociedade Limitada
35213141204,LIG-ACAO SERVICOS E COMERCIO LTDA,SAO PAULO,6,1995,Sociedade Limitada
35213141212,LINTEC INFORMATICA LTDA,SAO CAETANO DO SUL,6,1995,Sociedade Limitada
35213141221,LUAN COMERCIO DE MATERIAIS ELETRICOS LTDA.,SAO PAULO,6,1995,Sociedade Limitada
35213141239,EPROSOFT COMERCIO DE EQUIPAMENTOS E PROJETOS EM SOFTWARE LTDA,SAO PAULO,6,1995,Sociedade Limitada
35213141247,KADU MATERIAIS PARA CONSTRUCOES LTDA,SAO PAULO,6,1995,Sociedade Limitada
35213141255,CENTER MARTINS DE PNEUS LTDA,GUARULHOS,6,1995,Sociedade Limitada
35213141263,M B - COMERCIO DE ROUPAS E CONFECCOES LTDA,SAO BERNARDO DO CAMPO,6,1995,Sociedade Limitada
35213141271,FILMESPUMA COMPONENTES TECNICOS LTDA.,DIADEMA,6,1995,Sociedade Limitada
35213141280,INDIANA PART LTDA.,SAO PAULO,6,1995,Sociedade Limitada
35213141298,OLIVEIRA & ADALBERTO LTDA.,ARARAQUARA,6,1995,Sociedade Limitada
35213141301,MARCENARIA SAO JORGE NOVA ODESSA LTDA.,NOVA ODESSA,6,1995,Sociedade Limitada
35213141310,TRABASSO & OLIVEIRA LTDA,BARRETOS,6,1995,Sociedade Limitada
35213141328,FERNANDES & FERNANDES LTDA,SERTAOZINHO,6,1995,Sociedade Limitada
35213141336,JG FREITAS NETO PRESTADORA DE SERVICOS DE MAO DE OBRA E LOCADORA DE EQUIPAMENTOS LTDA,SAO BERNARDO DO CAMPO,6,1995,Sociedade Limitada
35213141344,LIDERCOPY COMERCIO E SERVICOS REPROGRAFICOS LTDA.,SAO PAULO,6,1995,Sociedade Limitada
35213141352,TENDOCA INDUSTRIA E COMERCIO LTDA.,SAO PAULO,6,1995,Sociedade Limitada
35213141361,LIBAN FOODS INDUSTRIA COMERCIO E DISTRIBUICAO LTDA.,SAO PAULO,6,1995,Sociedade Limitada
35213141379,BAZAR HARAKOTA LTDA.,SAO PAULO,6,1995,Sociedade Limitada
35213141387,VEM NO ARI BB BAR E MERCEARIA LTDA.,OSASCO,6,1995,Sociedade Limitada
35213141409,CAPACITAS INTERNACIONAL EDICOES E EVENTOS LTDA.,SAO PAULO,6,1995,Sociedade Limitada
35213141417,ELARA COMUNICACAO E EDITORA LTDA,SANTANA DE PARNAIBA,6,1995,Sociedade Limitada
35213141425,WS TELECOM COMERCIO DE CELULARES LTDA,SAO PAULO,6,1995,Sociedade Limitada
35213141433,BONASSI & MAGGION INDUSTRIA E COMERCIO DE ACESSORIOS LTDA,IBIUNA,6,1995,Sociedade Limitada
35213141441,ALVES & RABELLO COMERCIO E LOCACAO DE FITAS DE VIDEO ITU LTDA.,ITU,6,1995,Sociedade Limitada
35213141450,FRANZINI & FRANZINI DOCES LTDA,MAIRINQUE,6,1995,Sociedade Limitada
35213141468,VERAO VIVO INDUSTRIA E COMERCIO TEXTIL LTDA,PIRAJU,6,1995,Sociedade Limitada
35213141476,MANHATTAN LANCHETERIA E ROTISSERIE LTDA.,SAO CAETANO DO SUL,6,1995,Sociedade Limitada
35213141484,GRAFICA E LIVRARIA HARMONIA CELESTE LTDA,TABOAO DA SERRA,6,1995,Sociedade Limitada
35213141492,D.P. MERCADO LTDA.,SAO PAULO,6,1995,Sociedade Limitada
35213141506,XORASKITO'S LANCHES LTDA,SAO PAULO,6,1995,Sociedade Limitada
35213141514,RTE ENTRETENIMENTO LTDA,SAO PAULO,6,1995,Sociedade Limitada
35213141522,CORPO PERFUMARIA E COSMETICOS LTDA.,CAMPINAS,6,1995,Sociedade Limitada
35213141531,MOVEIS E DECORACOES J.I. LTDA.,SAO PAULO,6,1995,Sociedade Limitada
35213141557,SLIN SERVICOS ADMINISTRATIVOS LTDA.,SAO PAULO,6,1995,Sociedade Limitada
35213141565,ARTHEGE COMERCIO IMPORTACAO E EXPORTACAO DE MOVEIS E DECORACOES LTDA.,SAO PAULO,6,1995,Sociedade Limitada
35213141573,KM ALIANCA TRANSPORTADORA LTDA,SAO PAULO,6,1995,Sociedade Limitada
35213141581,TALENTO- AUTO FUNILARIA E PINTURA LTDA,SAO PAULO,6,1995,Sociedade Limitada
35213141590,HORA DO ALMOCO COMERCIO DE ALIMENTOS LTDA,SAO PAULO,6,1995,Sociedade Limitada
35213141603,E. RODRIGUES CONVENIENCIAS LTDA,SAO PAULO,6,1995,Sociedade Limitada
35213141611,ZS COMERCIO E SERVICOS DE INFORMATICA LTDA,SAO PAULO,6,1995,Sociedade Limitada
35213141620,CHIA VIDEO LOCADORA LTDA.,SAO BERNARDO DO CAMPO,6,1995,Sociedade Limitada
35213141638,CENTRO AUTOMOTIVO ITALIA LTDA.,SAO PAULO,6,1995,Sociedade Limitada
35213141646,COMERCIO DE CAFE SANTA BARBARA LTDA.,SANTA BARBARA D'OESTE,6,1995,Sociedade Limitada
35213141654,JOCRIS LTDA.,AMERICANA,6,1995,Sociedade Limitada
35213141662,K.W.R. UTILIDADES DOMESTICAS LTDA.,SANTA BARBARA D'OESTE,6,1995,Sociedade Limitada
35213141671,BECKER & BECKER PRESENTES LTDA.,SAO JOSE DOS CAMPOS,6,1995,Sociedade Limitada
35213141689,INTERCOMVALE ADMINISTRA O DE COM RCIO EXTERIOR LTDA,SAO JOSE DOS CAMPOS,6,1995,Sociedade Limitada
35213141697,TRANS VIA TRANSPORTES DE CARGAS LTDA.,SAO CAETANO DO SUL,6,1995,Sociedade Limitada
35213141701,TTL DO BRASIL - COMERCIO E REPRESENTACOES LTDA.,SAO PAULO,6,1995,Sociedade Limitada
35213141719,"DAKON PROMOTORA DE VENDAS, ASSESSORIA E SERVICOS LTDA",SAO PAULO,6,1995,Sociedade Limitada
35213141727,TOK FINAL INDUSTRIA E COMERCIO LTDA.,SALTO,6,1995,Sociedade Limitada
35213141735,DISTRISERV COMERCIO E REPRESENTACOES DE PRODUTOS ALIMENTICIOS LTDA.,ITATIBA,6,1995,Sociedade Limitada
35213141743,BANANA PASTEL LANCHONETE LTDA.,SAO PEDRO,6,1995,Sociedade Limitada
35213141751,COMERCIO DE BATERIAS E REFORMAS AMP LTDA.,MOGI GUACU,6,1995,Sociedade Limitada
35213141760,NUTRIVIDA - ADMINISTRADORA DE COZINHAS E REFEITORIOS LTDA.,CAMPINAS,6,1995,Sociedade Limitada
35213141778,L.M.S. COMERCIO SERVICOS E PECAS LTDA,SAO PAULO,6,1995,Sociedade Limitada
35213141786,FUJI DO BRASIL MAQUINAS INDUSTRIAIS LTDA.,SAO PAULO,6,1995,Sociedade Limitada
35213141794,M M A COMERCIAL LTDA.,ITATIBA,6,1995,Sociedade Limitada
35213141808,CAFFEU CONFECCOES E COMERCIO LTDA,BAURU,6,1995,Sociedade Limitada
35213141816,RIVERA & CAETANO LTDA.,SANTOS,6,1995,Sociedade Limitada
35213141824,WP SERVICOS TEMPORARIOS LTDA.,SAO PAULO,6,1995,Sociedade Limitada
35213141832,FERNANDES & FERNANDES CATANDUVA LTDA.,CATANDUVA,6,1995,Sociedade Limitada
35213141841,MAGAZINE HAMORI LTDA.,SAO PAULO,6,1995,Sociedade Limitada
35213141859,"CST COMPUTADORES SISTEMAS E TELEINFORMATICA LTDA. ""INABILITADA PARA EXERCER ATIVIDADE EMPRESARIAL""",SAO PAULO,6,1995,Sociedade Limitada
35213141867,MARF - COMERCIO DE FERRO E ACO LTDA.,SAO PAULO,6,1995,Sociedade Limitada
35213141875,JETRANS INDUSTRIA E COMERCIO LTDA,SAO PAULO,6,1995,Sociedade Limitada
35213141883,WAGNER DISCOS LTDA.,ITAQUAQUECETUBA,6,1995,Sociedade Limitada
35213141905,PACIFIC FILMS LTDA,MONGAGUA,6,1995,Sociedade Limitada
35213141913,FLUIR SHOP COMERCIAL LTDA.,TABOAO DA SERRA,6,1995,Sociedade Limitada
35213141921,R.F. CUNHA E DEOLINDO LTDA.,SAO VICENTE,6,1995,Sociedade Limitada
35213141930,PARTNER COMERCIO DE BEBIDAS LTDA.,ARUJA,6,1995,Sociedade Limitada
35213141948,EMOCOES NIGHT CLUB BAR LTDA.,SAO CARLOS,6,1995,Sociedade Limitada
35213141956,CASA DO NORTE & MERCEARIA KARINA LTDA.,ITAPECERICA DA SERRA,6,1995,Sociedade Limitada
35213141964,REPRESENTACOES D. M. V. LTDA.,SAO SEBASTIAO,6,1995,Sociedade Limitada
35213141972,QUISTONE & ROQUE LOCADORA LTDA.,SAO PAULO,6,1995,Sociedade Limitada
35213141981,COMVESTI COMERCIAL DE ARTIGOS DO VESTUARIO LTDA,INDAIATUBA,6,1995,Sociedade Limitada
35213141999,CONSTRUTORA E EMPREENDIMENTOS MOREIRA JUNIOR LTDA.,SAO BERNARDO DO CAMPO,6,1995,Sociedade Limitada
35213142006,N.&.R.COMERCIO DE PECAS PARA BUJOES DE GAS LTDA.,GUARULHOS,6,1995,Sociedade Limitada
35213142014,MONTE GRANDE EMPREENDIMENTOS IMOBILIARIOS LTDA.,SAO PAULO,6,1995,Sociedade Limitada
35213142022,CASA DE CARNES HELOISA R & M LTDA.,SAO PAULO,6,1995,Sociedade Limitada
35213142031,SANRRI INDUSTRIA E COMERCIO LTDA.,SAO BERNARDO DO CAMPO,6,1995,Sociedade Limitada
35213142049,ROGERIO'S RESTAURANTE LTDA.,SAO CAETANO DO SUL,6,1995,Sociedade Limitada
35213142057,PAMINI BAZAR E PAPELARIA LTDA,SAO PAULO,6,1995,Sociedade Limitada
35213142065,KAION QUIMICA INDUSTRIA E COMERCIO LTDA,SAO CAETANO DO SUL,6,1995,Sociedade Limitada
35213142073,PIZZARIA QUALLI LTDA,SAO PAULO,6,1995,Sociedade Limitada
35213142081,ENTRE TODAS AS COISAS VIDEO LOCADORA LTDA.,OSASCO,6,1995,Sociedade Limitada
35213142090,LANCHONETE ESTRELA DA GALVAO LTDA.,SAO PAULO,6,1995,Sociedade Limitada
35213142103,ZACAP-ZAMBON COMERCIO DE AUTO PECAS LTDA,ARARAQUARA,6,1995,Sociedade Limitada
35213142111,"LOGOS - BAR, RESTAURANTE, PIZZARIA, ROTISSERIE LTDA.",BAURU,6,1995,Sociedade Limitada
35213142120,RECANTO DOS SACOMANDI'S LTDA.,BAURU,6,1995,Sociedade Limitada
35213142138,MINIATURAS EM PORCELANA DOZE DE OUTUBRO LTDA.,PEDREIRA,6,1995,Sociedade Limitada
35213142146,F. B. S. BAGAJITOS PERSONALIZADOS LTDA.,PIRASSUNUNGA,6,1995,Sociedade Limitada
35213142154,OLEGARIO E SAMPAIO LTDA.,BATATAIS,6,1995,Sociedade Limitada
35213142162,HORTOCAR - RENTA CAR ASSESSORIA E LOCACOES LTDA,HORTOLANDIA,6,1995,Sociedade Limitada
35213142171,PAES E DOCES QUATRO EFIS LTDA.,SAO PAULO,6,1995,Sociedade Limitada
35213142189,ADEGA FAMILIAR LTDA,SAO PAULO,6,1995,Sociedade Limitada
35213142219,HELP - SOLUCAO DE AFAZERES DOMESTICOS LTDA.,GUARULHOS,6,1995,Sociedade Limitada
35213142227,TURCI COMERCIO E REPRESENTACOES LTDA.,JACAREI,6,1995,Sociedade Limitada
35213142235,VIDEO TEC ELETRONICA AVARE LTDA.,AVARE,6,1995,Sociedade Limitada
35213142243,CEREJEIRAS PAES E DOCES LTDA.,SAO PAULO,6,1995,Sociedade Limitada
35213142251,DROGARIA TABIRA LTDA.,SAO PAULO,6,1995,Sociedade Limitada
35213142260,AGENCIA DE VIAGENS E TURISMO FAMIGLIA MAZETO LTDA.,SAO PAULO,6,1995,Sociedade Limitada
35213142278,EDITORA ASA BRANCA LTDA,SAO PAULO,6,1995,Sociedade Limitada
35213142286,"PJJ COMERCIAL, IMPORTACAO E EXPORTACAO LTDA.",SAO PAULO,6,1995,Sociedade Limitada
35213142294,FCC COMPONENTES ELETRONICOS LTDA.,SANTOS,6,1995,Sociedade Limitada
35213142308,THE SAILOR VIDEO HOME LTDA.,SAO PAULO,6,1995,Sociedade Limitada
35213142316,COMERCIO DE VIDROS CAMARGO & GONCALVES LTDA.,CERQUEIRA CESAR,6,1995,Sociedade Limitada
35213142324,TEVECOLOR TRANSPORTES LTDA.,SAO PAULO,6,1995,Sociedade Limitada
35213142332,LABORMIL LABORATORIO E ESTUDIO FOTOGRAFICO LTDA.,SAO PAULO,6,1995,Sociedade Limitada
35213142341,ZORAIDE RIBEIRO & RIBEIRO LTDA.,SAO JOSE DOS CAMPOS,6,1995,Sociedade Limitada
35213142359,C. T. C. REPRESENTACOES LTDA.,JACAREI,6,1995,Sociedade Limitada
35213142367,DATABUS SANKAY LTDA S/C LTDA,SAO JOSE DOS CAMPOS,6,1995,Sociedade Limitada
35213142375,ZOO MANIA COMERCIO DE RACOES E ANIMAIS DE PEQUENO E MEIO PORTE LTDA.,SAO PAULO,6,1995,Sociedade Limitada
35213142383,"BOONE'S FASHION MODAS, PERFUMES E PRESENTES LTDA.",SAO PAULO,6,1995,Sociedade Limitada
35213142391,DRACEPLAST EMBALAGENS LTDA.,DRACENA,6,1995,Sociedade Limitada
35213142405,PRODUTOS CANTEIRO DAS CURAS LTDA.,SAO PAULO,6,1995,Sociedade Limitada
35213142413,TECNIC VIDEO E AUDIO LTDA,SAO PAULO,6,1995,Sociedade Limitada
35213142421,BORON-INFORMATICA S/C LTDA.,SANTOS,6,1995,Sociedade Limitada
35213142430,MICROSYSTEM SOFTWARES COMERCIO E REPRESENTACOES LTDA.,GUARULHOS,6,1995,Sociedade Limitada
35213142448,BLANCO MOVEIS E DECORACOES LTDA.,SAO PAULO,6,1995,Sociedade Limitada
35213142456,BANANA PRATA CONFECCOES INDUSTRIA E COMERCIO LTDA.,GUARULHOS,6,1995,Sociedade Limitada
35213142464,FENIX L J REPRESENTACOES COMERCIAIS LTDA.,SAO BERNARDO DO CAMPO,6,1995,Sociedade Limitada
35213142472,AUTOCAN COMERCIAL LTDA.,SAO BERNARDO DO CAMPO,6,1995,Sociedade Limitada
35213142481,SECULOS TRANSPORTES SENSIVEIS LTDA.,OSASCO,6,1995,Sociedade Limitada
35213142499,NAVE'S PIZZAS E MASSAS LTDA.,SAO BERNARDO DO CAMPO,6,1995,Sociedade Limitada
35213142502,BIG RIDER COMERCIO E LOCACAO DE APARELHOS ELETRONICOS LTDA,SANTO ANDRE,6,1995,Sociedade Limitada
35213142511,"H. TECNICA ENGENHARIA, MONTAGENS E COMERCIO LTDA.",JUNDIAI,6,1995,Sociedade Limitada
35213142529,FERNANDA COMERCIO DE ROUPAS E ARTIGOS PARA PRESENTES LTDA.,SAO PAULO,6,1995,Sociedade Limitada
35213142537,ETCA MATERIAIS ELETRICOS LTDA.,SAO PAULO,6,1995,Sociedade Limitada
35213142545,DINIZ INCORPORACAO E CONSTRUCOES LTDA,SAO PAULO,6,1995,Sociedade Limitada
35213142553,M S CLEAN COMERCIAL LTDA.,SAO PAULO,6,1995,Sociedade Limitada
35213142561,RAONI SERVICOS E PREPARACAO DE DOCUMENTOS LTDA,PRAIA GRANDE,6,1995,Sociedade Limitada
35213142570,P. R. THIMOTHY COMERCIO LTDA.,SANTOS,6,1995,Sociedade Limitada
35213142588,A. NASCIMENTO & SANTOS LTDA.,SOROCABA,6,1995,Sociedade Limitada
35213142596,CUMORAH LTDA.,CAPELA DO ALTO,6,1995,Sociedade Limitada
35213142600,GIMAN INDUSTRIA E COMERCIO LTDA.,GUARULHOS,6,1995,Sociedade Limitada
35213142618,DROGARIA RECOFARMA LTDA.,SAO PAULO,6,1995,Sociedade Limitada
35213142626,ENTREGADORA DRAGO LTDA.,SAO PAULO,6,1995,Sociedade Limitada
35213142634,SANWEL COMERCIO E SERVICOS DE ENTREGAS LTDA.,SAO PAULO,6,1995,Sociedade Limitada
35213142642,SANTIAGO E FREIRE DECORACAO E COMERCIO LTDA.,SAO PAULO,6,1995,Sociedade Limitada
35213142651,CONTRAT-ADMINISTRACAO E CORRETAGEM DE SEGUROS LTDA.,CAMPINAS,6,1995,Sociedade Limitada
35213142669,KEY-WEST CONFECCOES LTDA.,SAO PAULO,6,1995,Sociedade Limitada
35213142677,MAJJ RESTAURANT-COMERCIO DE PRODUTOS ALIMENTICIOS LTDA.,SAO PAULO,6,1995,Sociedade Limitada
35213142685,COML RESTAURANT - COMERCIO DE PRODUTOS ALIMENTICIOS LTDA.,SAO PAULO,6,1995,Sociedade Limitada
35213142693,ISIS EQUIPAMENTOS MEDICOS LTDA.,SAO PAULO,6,1995,Sociedade Limitada
35213142707,FRANZ COMERCIAL E CONSTRUTORA LTDA.,VALINHOS,6,1995,Sociedade Limitada
35213142715,TEODORO COMUNICACAO INTEGRADA LIMITADA,GUARAREMA,6,1995,Sociedade Limitada
35213142723,SICK SOLUCAO EM SENSORES LTDA,SAO PAULO,6,1995,Sociedade Limitada
35213142731,FELIPE & BARBOSA BAURU LTDA ME,BAURU,6,1995,Sociedade Limitada
35213142740,KENTHAL VEICULOS E SERVICOS LTDA,SAO PAULO,6,1995,Sociedade Limitada
35213142758,PRADO & PRADO DE P. PAULISTA LTDA,PARAGUACU PAULISTA,6,1995,Sociedade Limitada
35213142766,LIMA & EMMERICK LTDA.,AGUAS DE LINDOIA,6,1995,Sociedade Limitada
35213142774,GESSO LIDER ALCOLEA COMERCIO E DECORACOES DE GESSO LTDA,SOROCABA,6,1995,Sociedade Limitada
35213142782,DEVICI-ENGENHARIA E COMERCIO LTDA,CAMPINAS,6,1995,Sociedade Limitada
35213142791,DIMENSIONAL COMERCIO DE VESTUARIOS E REPRESENTACOES TEXTEIS LTDA.,JUNDIAI,6,1995,Sociedade Limitada
35213142812,DELLA VITA INDUSTRIA E COMERCIO DE REFRIGERADORES LTDA,SAO BERNARDO DO CAMPO,6,1995,Sociedade Limitada
35213142821,ANTONIO E ELVIA LTDA.,SAO PAULO,6,1995,Sociedade Limitada
35213142839,COMERCIAL DE PARAFUSOS J.E.B. LTDA,PIRANGI,6,1995,Sociedade Limitada
35213142847,BAR E LANCHONETE FAVERI LTDA,SANTA CRUZ DO RIO PARDO,6,1995,Sociedade Limitada
35213142855,ROSIN & DELPHINO LTDA,PORTO FERREIRA,6,1995,Sociedade Limitada
35213142863,PORTOPAR PARAFUSOS E FERRAMENTAS LTDA,PORTO FERREIRA,6,1995,Sociedade Limitada
35213142871,WF PRODUTOS E SERVICOS LTDA,AMERICANA,6,1995,Sociedade Limitada
35213142880,MODELACAO MADEIRA LTDA,SANTA BARBARA D'OESTE,6,1995,Sociedade Limitada
35213142898,LOTERICA CASANOVA E ARAUJO LTDA,JACAREI,6,1995,Sociedade Limitada
35213142901,PH INDUSTRIA E COMERCIO DE TAPETES LTDA,SAO PAULO,6,1995,Sociedade Limitada
35213142910,E.P. PLASTICOS INDUSTRIA E COMERCIO LTDA.,SAO PAULO,6,1995,Sociedade Limitada
35213142928,ENTREGADORA FM LTDA.,SAO PAULO,6,1995,Sociedade Limitada
35213142936,SABORES MILENARES COMERCIAL LTDA,SAO PAULO,6,1995,Sociedade Limitada
35213142944,NOLIN HAIR LTDA,SAO PAULO,6,1995,Sociedade Limitada
35213142952,RESTAURANTE E LANCHONETE KILO LIGHT LTDA.,SAO PAULO,6,1995,Sociedade Limitada
35213142961,V.E.W. ESTRATEGIA EDITORIAL LTDA,JUQUITIBA,6,1995,Sociedade Limitada
35213142979,RENATO CORRADI PRODUCOES FOTOGRAFICAS LTDA,JUQUITIBA,6,1995,Sociedade Limitada
35213142987,PRIMAR COMERCIAL LTDA,SAO PAULO,6,1995,Sociedade Limitada
35213142995,MARILAC ASSESSORIA E INTERMEDIACAO DE NEGOCIOS,SAO PAULO,6,1995,Sociedade Limitada
35213143002,SOL MOVIMENTACAO E SERVICOS DE TRANSPORTES LTDA,SAO JOSE DOS CAMPOS,6,1995,Sociedade Limitada
35213143011,EDITORA ORPHANAKE LTDA.,SAO PAULO,6,1995,Sociedade Limitada
35213143029,BAZAR E PERFUMARIA FLOWER-TOUCH LTDA,SAO PAULO,6,1995,Sociedade Limitada
35213143037,ROSS RESTAURANTE - COMERCIO DE PRODUTOS ALIMENTICIOS LTDA.,SAO PAULO,6,1995,Sociedade Limitada
35213143045,TANIGUCHI & KANEGAE LTDA.,SALTO DE PIRAPORA,6,1995,Sociedade Limitada
35213143053,PRODUTOS INFANTIS PUPPY DO BRASIL LTDA.,SAO PAULO,6,1995,Sociedade Limitada
35213143061,LUMYNARE COMERCIO DE BIJOUTERIAS LTDA.,SAO PAULO,6,1995,Sociedade Limitada
35213143070,BOM GARFO LANCHES E PETISCOS LTDA.,SAO PAULO,6,1995,Sociedade Limitada
35213143088,CACAU NATURALLE COMERCIO DE PRODUTOS ALIMENTICIOS LTDA,SAO PAULO,6,1995,Sociedade Limitada
35213143096,AUTO POSTO VALE ENCANTADO LTDA.,SAO JOSE DOS CAMPOS,6,1995,Sociedade Limitada
35213143100,OSASCO COMERCIO DE MOVEIS E ARTIGOS DE HABITACAO LTDA.,SAO PAULO,6,1995,Sociedade Limitada
35213143118,CAMPINAS COMERCIO DE MOVEIS E ARTIGOS DE HABITACAO LTDA.,SAO PAULO,6,1995,Sociedade Limitada
35213143126,ARARAS COMERCIO DE MOVEIS E ARTIGOS DE HABITACAO LTDA.,SAO PAULO,6,1995,Sociedade Limitada
35213143134,NASSER MODAS LTDA.,SAO PAULO,6,1995,Sociedade Limitada
35213143142,ISCAS ARTIFICIAIS BORBOLETA LTDA.,CUNHA,6,1995,Sociedade Limitada
35213143151,ARTFOLHAS COMERCIO DE MADEIRAS LTDA.,SAO PAULO,6,1995,Sociedade Limitada
35213143169,AGRO INDUSTRIAL AMELIA LTDA,MIRACATU,6,1995,Sociedade Limitada
35213143177,CLASSOFT INFORMATICA LTDA.,SAO PAULO,6,1995,Sociedade Limitada
35213143185,TRANSDELTA TRANSPORTES E TURISMO LTDA.,IBITINGA,6,1995,Sociedade Limitada
35213143193,FTA FAST SERVICE LTDA,RIBEIRAO PRETO,6,1995,Sociedade Limitada
35213143207,PHARMAZOO CLINICA VETERINARIA LTDA,ATIBAIA,6,1995,Sociedade Limitada
35213143215,ANTENNA INFORMATICA LTDA,SAO CAETANO DO SUL,6,1995,Sociedade Limitada
35213143223,DIGIMESSER INSTRUMENTACAO E SISTEMAS LTDA.,SAO PAULO,6,1995,Sociedade Limitada
35213143231,DIAPAX INDUSTRIA E COMERCIO DE FERRAMENTAS DIAMANTADAS LTDA.,INDAIATUBA,6,1995,Sociedade Limitada
35213143240,ROBSON FLORENTINO'S PRESENTES LTDA.,SAO PAULO,6,1995,Sociedade Limitada
35213143258,"KGC&M ASSESSORIA, CONSULTORIA, REPRESENTACOES E COMERCIO EXTERIOR LTDA",SAO PAULO,6,1995,Sociedade Limitada
35213143266,CONSTRUTORA COSTA HIROTA LTDA,SAO PAULO,6,1995,Sociedade Limitada
35213143274,PAROLI ASSESSORIA EM COMERCIO EXTERIOR LTDA,SAO PAULO,6,1995,Sociedade Limitada
35213143282,"D'VILLE RESTAURANTE, BUFFET E ROTISSERIA LTDA.",SAO PAULO,6,1995,Sociedade Limitada
35213143291,SOGE COMERCIO DE ROUPAS LTDA.,SAO PAULO,6,1995,Sociedade Limitada
35213143304,FAIXA BRANCA CONVENIENCIAS LTDA.,SAO PAULO,6,1995,Sociedade Limitada
35213143312,INFOR SHOP COMERCIAL E INFORMATICA LTDA.,SAO PAULO,6,1995,Sociedade Limitada
35213143321,JDI COMERCIO E SERVICOS LTDA.,MAUA,6,1995,Sociedade Limitada
35213143339,H E H COMERCIAL IMPORTADORA E EXPORTADORA DO BRASIL LTDA.,SAO PAULO,6,1995,Sociedade Limitada
35213143347,BIG BEAR COMERCIAL LTDA.,RIO CLARO,6,1995,Sociedade Limitada
35213143355,LADY SERVICOS ALIMENTICIOS LTDA.,SAO PAULO,6,1995,Sociedade Limitada
35213143363,AUTO LANCHES TIBIRICA DE CAMPINAS LTDA.,CAMPINAS,6,1995,Sociedade Limitada
35213143371,BEACH-CHOOP COMERCIO DE PRODUTOS ALIMENTICIOS LTDA.,SAO PAULO,6,1995,Sociedade Limitada
35213143380,VICTORY CAMPINAS SERVICOS LTDA,CAMPINAS,6,1995,Sociedade Limitada
35213143398,GRIND COMERCIO DE ROUPAS LTDA.,SAO BERNARDO DO CAMPO,6,1995,Sociedade Limitada
35213143401,CASA BONILHA COMERCIO DE ARTESANATOS LTDA,JACAREI,6,1995,Sociedade Limitada
35213143410,NAKASONE INFORMATICA LTDA.,SAO JOSE DOS CAMPOS,6,1995,Sociedade Limitada
35213143428,AFS DOCES LTDA,ITAQUAQUECETUBA,6,1995,Sociedade Limitada
35213143436,CAMPINEIRA COMERCIO DE MARMORES E GRANITOS LTDA.,CAMPINAS,6,1995,Sociedade Limitada
35213143444,RIBEIRO & CUAIATTI LTDA,SAO PAULO,6,1995,Sociedade Limitada
35213143452,BENETTI COZINHA INDUSTRIAL LTDA.,CAMPINAS,6,1995,Sociedade Limitada
35213143461,JAM COMERCIO E ASSESSORIA DE SISTEMAS CONTRA INCENDIO LTDA.,SAO PAULO,6,1995,Sociedade Limitada
35213143479,COLDLAND REFRIGERACAO LTDA.,SAO PAULO,6,1995,Sociedade Limitada
35213143487,PHILADELPHIA INDUSTRIA E COMERCIO DE CONFECCOES LTDA.,SAO PAULO,6,1995,Sociedade Limitada
35213143495,BARRATEX COMERCIO DE ROUPAS E TECIDOS LTDA,SAO PAULO,6,1995,Sociedade Limitada
35213143509,"FESTA, SONHO & CIA LTDA.",SAO PAULO,6,1995,Sociedade Limitada
35213143517,CASA DE CARNES SANTA ESPEDITA LTDA,SAO PAULO,6,1995,Sociedade Limitada
35213143525,ADS PRODUTOS ALIMENTICIOS LTDA.,SAO PAULO,6,1995,Sociedade Limitada
35213143533,AERO TRIP TRANSPORTE AEREO DO INTERIOR PAULISTA LTDA.,CAMPINAS,6,1995,Sociedade Limitada
35213143541,SUCOS E LANCHES FENIX LTDA.,SAO PAULO,6,1995,Sociedade Limitada
35213143550,EXTRA FOUR COMERCIO IMPORTACAO E EXPORTACAO LTDA.,SAO PAULO,6,1995,Sociedade Limitada
35213143568,LANCHONETE ALTO ASTRAL LTDA,PRAIA GRANDE,6,1995,Sociedade Limitada
35213143576,CTM LIMITADA,PORTO FELIZ,6,1995,Sociedade Limitada
35213143584,A T S AERONAUTICA LTDA.,SAO JOSE DOS CAMPOS,6,1995,Sociedade Limitada
35213143592,LE ALQUIMIE CONFECCOES LTDA.,JACUPIRANGA,6,1995,Sociedade Limitada
35213143606,AZIENDA SERVICOS DE ENGENHARIA LTDA,SAO PAULO,6,1995,Sociedade Limitada
35213143614,CONFECCOES REVERT LTDA.,SAO PAULO,6,1995,Sociedade Limitada
35213143622,DELMIRO'S COMERCIO VAREJISTA DE PRODUTOS NATURAIS LTDA.,SAO JOSE DOS CAMPOS,6,1995,Sociedade Limitada
35213143631,COELHO DE MIRANDA COMERCIO DE MATERIAIS PARA CONSTRUCAO LTDA.,ITAQUAQUECETUBA,6,1995,Sociedade Limitada
35213143649,J.R. CLAUDIO REPRESENTACAO COMERCIAL LTDA.,SAO PAULO,6,1995,Sociedade Limitada
35213143657,SIQUEIRA & SANTOS LIMEIRA LTDA.,LIMEIRA,6,1995,Sociedade Limitada
35213143665,ENJA ARTIGOS DE COURO LTDA.,GUARULHOS,6,1995,Sociedade Limitada
35213143673,P. J. FERNANDES & CIA LTDA.,CAJURU,6,1995,Sociedade Limitada
35213143681,ATLANTIC REPRESENTACOES COMERCIAIS SAO JOSE DOS CAMPOS LTDA.,SAO JOSE DOS CAMPOS,6,1995,Sociedade Limitada
35213143690,F & C GIFT SHOP LTDA.,SAO PAULO,6,1995,Sociedade Limitada
35213143703,GOLDCELL - COMERCIO DE ACESSORIOS DE TELEFONIA LTDA,SAO PAULO,6,1995,Sociedade Limitada
35213143711,BALBINO & BERNARDO LTDA,BAURU,6,1995,Sociedade Limitada
35213143720,BR COMERCIO & EMPREITEIRA E CONSTRUCOES CIVIL,SAO PAULO,6,1995,Sociedade Limitada
35213143738,CETEL CONSTRUCOES E COMERCIO LTDA,BAURU,6,1995,Sociedade Limitada
35213143746,MAKA SERVICOS E COMERCIO LTDA,SANTOS,6,1995,Sociedade Limitada
35213143754,R. C. FERRO & CIA LTDA,TAUBATE,6,1995,Sociedade Limitada
35213143762,NORTESUL COMERCIO E EMPREITEIRA DE OBRAS LTDA.,SAO PAULO,6,1995,Sociedade Limitada
35213143771,COM FRIO REFRIGERACAO E COMERCIO LTDA.,SAO PAULO,6,1995,Sociedade Limitada
35213143789,MARCENARIA E CARPINTARIA CAMBUCIENSE LTDA,SAO PAULO,6,1995,Sociedade Limitada
35213143797,MERCEARIA AGUA LIMPA LTDA,SAO PAULO,6,1995,Sociedade Limitada
35213143801,GRANEEDI MARMORES E GRANITOS LTDA,SAO PAULO,6,1995,Sociedade Limitada
35213143819,LEAL INDUSTRIA DISTRIBUIDORA E COMERCIO DE PRODUTOS ALIMENTICIOS LTDA.,SAO PAULO,6,1995,Sociedade Limitada
35213143827,PIONEIRA PROJETOS E CONSTRUCOES LTDA.,PIRACICABA,6,1995,Sociedade Limitada
35213143835,STANDARD OF QUALITY SERVICOS DE INFORMATICA E TELECOMUNICACOES LTDA.,SAO PAULO,6,1995,Sociedade Limitada
35213143843,BRASIL EQUIPAMENTOS INDUSTRIAIS LTDA.,SAO PAULO,6,1995,Sociedade Limitada
35213143851,KONY COMERCIO DE PECAS E SERVICOS LTDA.,SAO PAULO,6,1995,Sociedade Limitada
35213143860,ROTISSERIA D'ROSA LTDA.,SAO PAULO,6,1995,Sociedade Limitada
35213143878,WANMAR COMERCIO DE PORTAS ESQUADRIAS LTDA.,SAO BERNARDO DO CAMPO,6,1995,Sociedade Limitada
35213143886,FORMIGAO COMERCIO DE MADEIRAS LTDA.,LARANJAL PAULISTA,6,1995,Sociedade Limitada
35213143894,LANCHONETE DA AMIZADE DE VALINHOS LTDA.,VALINHOS,6,1995,Sociedade Limitada
35213143908,GORDILHO & CRUZ LTDA.,VALINHOS,6,1995,Sociedade Limitada
35213143916,CONTROLLER COMPUTACAO E SERVICOS LTDA,SAO BERNARDO DO CAMPO,6,1995,Sociedade Limitada
35213143924,CAMARGO VALESI E VALESI LTDA.,ITAPETININGA,6,1995,Sociedade Limitada
35213143941,LOJA IRMAOS ECKER LTDA.,APARECIDA,6,1995,Sociedade Limitada
35213143959,ALPHA QUATRO COMERCIAL LTDA.,PRESIDENTE PRUDENTE,6,1995,Sociedade Limitada
35213143967,MODOLO & PIETRO BOM LTDA,CERQUILHO,6,1995,Sociedade Limitada
35213143975,E. R. G. COMERCIO DE MATERIAIS PARA CONSTRUCAO LTDA.,LEME,6,1995,Sociedade Limitada
35213143983,VICTECH-INDUSTRIA E COMERCIO DE MAQUINAS LTDA.,BAURU,6,1995,Sociedade Limitada
35213143991,W.M. - COMERCIO DE PRODUTOS AUTOMOTIVOS LTDA.,PRESIDENTE PRUDENTE,6,1995,Sociedade Limitada
35213144009,BASAUTO BASTOS AUTOMOVEIS LTDA.,BASTOS,6,1995,Sociedade Limitada
35213144017,INFORMASA INFORMATICA LTDA,SAO JOSE DOS CAMPOS,6,1995,Sociedade Limitada
35213144025,"RETRART COMERCIO DE PORTA RETRATOS, QUADROS E MONTAGEM LTDA",SANTO ANDRE,6,1995,Sociedade Limitada
35213144033,G.D.R. EXPRESS NETWORK TRANSPORTES LTDA.,SAO PAULO,6,1995,Sociedade Limitada
35213144041,"SUIPORT - REPEESENTACOES, PROJETOS E ASSISTENCIA TECNICA LTDA.",NOVA ODESSA,6,1995,Sociedade Limitada
35213144050,YA'WARA COMERCIO DE ARTIGOS EM GERAL LTDA.,SAO PAULO,6,1995,Sociedade Limitada
35213144068,ART OPORTUNA ARTESANATOS E PRESENTES LTDA,SAO PAULO,6,1995,Sociedade Limitada
35213144076,WANTEL COMERCIO E SERVICOS LTDA,SAO PAULO,6,1995,Sociedade Limitada
35213144084,CHOPERIA PROGRESSO LTDA.,SAO PAULO,6,1995,Sociedade Limitada
35213144092,SIBRACONT PRODUTOS ELETRO-MECANICOS LTDA,SAO PAULO,6,1995,Sociedade Limitada
35213144106,TECELAGEM OLITEX LTDA.,AMERICANA,6,1995,Sociedade Limitada
35213144114,COMERCIO DE FRUTAS E LEGUMES CAMILOTTI LTDA.,CAMPINAS,6,1995,Sociedade Limitada
35213144122,AKINO-CAR AUTOMOTIVO LTDA.,CAMPINAS,6,1995,Sociedade Limitada
35213144131,INSYDE SOFT LTDA.,COTIA,6,1995,Sociedade Limitada
35213144149,COMERCIAL R.S LTDA,ESPIRITO SANTO DO PINHAL,6,1995,Sociedade Limitada
35213144157,CAVATER - TERRAPLENAGEM E TRANSPORTES LTDA,COTIA,6,1995,Sociedade Limitada
35213144173,MEGA COMPUTER COMERCIO DE INFORMATICA LTDA.,CAMPINAS,6,1995,Sociedade Limitada
35213144181,A. PIZZI & CIA.LTDA.,ITATIBA,6,1995,Sociedade Limitada
35213144190,BRAGA MARTINELLI & RAGASSI LTDA,BROTAS,6,1995,Sociedade Limitada
35213144203,BENETTI REPRESENTACOES LTDA.,HORTOLANDIA,6,1995,Sociedade Limitada
35213144211,RETROMAQUINAS LTDA.,ARACATUBA,6,1995,Sociedade Limitada
35213144220,SILVA MACEDO COMERCIO DE EMBALAGENS LTDA,BIRIGUI,6,1995,Sociedade Limitada
35213144238,ACADEMIA TONING SYSTEMS LTDA,BIRIGUI,6,1995,Sociedade Limitada
35213144246,BAZAR E PAPELARIA VIDA LOGICA LTDA.,SAO PAULO,6,1995,Sociedade Limitada
35213144254,COMERCIAL AUTHENTIC LTDA.,SAO PAULO,6,1995,Sociedade Limitada
35213144262,VISUAL INDUSTRIA E COMERCIO LTDA.,SAO PAULO,6,1995,Sociedade Limitada
35213144289,JOCIMAR BAR E LANCHES LTDA.,SAO PAULO,6,1995,Sociedade Limitada
35213144297,CHILBER COMERCIAL LTDA.,SAO PAULO,6,1995,Sociedade Limitada
35213144301,TTS-TECNOLOGIA E SISTEMAS LTDA.,SAO PAULO,6,1995,Sociedade Limitada
35213144319,BRAVA GENTE PRODUCOES ARTISTICAS E COMERCIO LTDA.,SAO PAULO,6,1995,Sociedade Limitada
35213144327,ORIENTAL TRADING - COMERCIO LTDA,SAO PAULO,6,1995,Sociedade Limitada
35213144335,MEDICRIS PRODUTOS HOSPITALARES LTDA.,SANTO ANDRE,6,1995,Sociedade Limitada
35213144343,CHROMAFLO TECHNOLOGIES BRASIL CORANTES LTDA,BARUERI,6,1995,Sociedade Limitada
35213144351,EMPREITEIRA IMPACTO VALINHOS CONSTRUCOES E COMERCIO LTDA.,VALINHOS,6,1995,Sociedade Limitada
35213144360,GIANINI COMERCIO DE MOVEIS E MONTAGEM INDUSTRIAL LTDA,OURINHOS,6,1995,Sociedade Limitada
35213144378,MIINEZ - COMERCIO DE ARTIGOS DO LAR LTDA.,ITAPECERICA DA SERRA,6,1995,Sociedade Limitada
35213144386,CINE VIDEO LOCADORA RIO PRETO LTDA.,SAO JOSE DO RIO PRETO,6,1995,Sociedade Limitada
35213144394,SLOW SOUND CAR LTDA.,SAO CAETANO DO SUL,6,1995,Sociedade Limitada
35213144408,DUPLO SENTIDO CONFECCOES SBCAMPO LTDA.,SAO BERNARDO DO CAMPO,6,1995,Sociedade Limitada
35213144416,NOGUEIRA BOMBAS SUBMERSAS LTDA.,ITUPEVA,6,1995,Sociedade Limitada
35213144424,BATALHA VIDEO LOCADORA LTDA,SANTA BARBARA D'OESTE,6,1995,Sociedade Limitada
35213144432,MASTERPAN DISTRIBUIDORA DE PRODUTOS PARA PANIFICACAO LTDA,BIRIGUI,6,1995,Sociedade Limitada
35213144441,LARIGRAM COMERCIO DE GRAMAS LTDA.,AMERICANA,6,1995,Sociedade Limitada
35213144459,CALEU COMERCIO E REPRESENTACOES LTDA,CAMPINAS,6,1995,Sociedade Limitada
35213144467,INFORMATION CENTER INFORMATICA E ASSESSORIA LTDA.,RIBEIRAO PRETO,6,1995,Sociedade Limitada
35213144475,SEALL REPRESENTACOES LTDA.,SERRANA,6,1995,Sociedade Limitada
35213144483,EBENEZER EDICAO E IMPRESSAO LTDA,RIBEIRAO PRETO,6,1995,Sociedade Limitada
35213144491,VIHU - CONFECCOES LTDA.,BATATAIS,6,1995,Sociedade Limitada
35213144505,VENANCIO & AGOSTINI LTDA.,JAU,6,1995,Sociedade Limitada
35213144513,CASTRO & AROUCHE LTDA.,RIBEIRAO PRETO,6,1995,Sociedade Limitada
35213144521,HONDA VIDROS DISTRIBUIDORA E COMERCIO LTDA.,DIADEMA,6,1995,Sociedade Limitada
35213144530,PAIXAO & LEONCINI LTDA.,ILHA SOLTEIRA,6,1995,Sociedade Limitada
35213144548,RIMOLI & RIMOLI - PRODUTOS E SERVICOS DE INFORMATICA LTDA.,TREMEMBE,6,1995,Sociedade Limitada
35213144556,FABRIGRAF ARTES GRAFICAS LTDA.,GUARULHOS,6,1995,Sociedade Limitada
35213144564,M P G - COMERCIO DE ALIMENTOS LTDA.,JUNDIAI,6,1995,Sociedade Limitada
35213144572,GRAFI ASSESSORIA E REPRESENTACAO LTDA,SAO PAULO,6,1995,Sociedade Limitada
35213144581,COMERCIAL PRESENTES MORUMBI LTDA.,SAO PAULO,6,1995,Sociedade Limitada
35213144599,R.TO - MATERIAIS PARA CONSTRUCAO LTDA.,SAO PAULO,6,1995,Sociedade Limitada
35213144602,BOMBONIERE BARAO DE JUNDIAI LTDA.,SAO PAULO,6,1995,Sociedade Limitada
35213144611,CAL RAINHA COMERCIO DE PRODUTOS AGROPECUARIOS LTDA.,ITAPETININGA,6,1995,Sociedade Limitada
35213144629,ALGEF COMERCIO E INDUSTRIA LTDA.,SAO PAULO,6,1995,Sociedade Limitada
35213144637,LOJA ARIMA LTDA.,SAO PAULO,6,1995,Sociedade Limitada
35213144645,LEAFAR GARCIA CIRURGICA E COMERCIO LTDA.,SAO PAULO,6,1995,Sociedade Limitada
35213144653,DPT BRASIL COMERCIAL LTDA.,SAO PAULO,6,1995,Sociedade Limitada
35213144661,N.C. OLIVEIRA - COMERCIO E REPRESENTACOES LTDA.,SOROCABA,6,1995,Sociedade Limitada
35213144670,EMBRAGESSO - EMPRESA BRASILEIRA DE ARTEFATOS DE GESSO LTDA.,CUBATAO,6,1995,Sociedade Limitada
35213144688,MOTORZAAG EQUIPAMENTOS AGRICOLAS LTDA.,MOGI GUACU,6,1995,Sociedade Limitada
35213144696,EMPREITEIRA NOVAIS LTDA.,SANTOS,6,1995,Sociedade Limitada
35213144700,DPAULO COMERCIO & SERVICOS DE ELETRONICOS LTDA.,SANTOS,6,1995,Sociedade Limitada
35213144718,ENGEGLASS COMERCIO E SERVICOS LTDA.,SANTOS,6,1995,Sociedade Limitada
35213144726,ZE VARAL CHAVEIRO LTDA.,SANTOS,6,1995,Sociedade Limitada
35213144734,LANCHONETE L. N. LTDA.,SOROCABA,6,1995,Sociedade Limitada
35213144742,MORGAN'S TABACARIA E PRESENTES LTDA.,SAO CAETANO DO SUL,6,1995,Sociedade Limitada
35213144751,LOOK HOME VIDEO LTDA.,ESTIVA GERBI,6,1995,Sociedade Limitada
35213144769,BAZAR GRACIANO RIBEIRO LTDA.,SAO PAULO,6,1995,Sociedade Limitada
35213144777,R & T KATO LTDA,SAO PAULO,6,1995,Sociedade Limitada
35213144785,CENTER CARNES JARDIM MORENO LTDA.,SAO PAULO,6,1995,Sociedade Limitada
35213144793,IBIRAPUERA TINTAS LTDA.,SAO PAULO,6,1995,Sociedade Limitada
35213144807,R. H. ENTERPRISES IMPORTACAO E EXPORTACAO DE PRODUTOS LTDA.,SAO PAULO,6,1995,Sociedade Limitada
35213144815,STEIN-ANTUNES TRANSPORTES LTDA.,SAO PAULO,6,1995,Sociedade Limitada
35213144823,PEROSSI COMERCIO E CONFECCOES LTDA,SAO PAULO,6,1995,Sociedade Limitada
35213144831,GLOBALCOM COMERCIAL E DISTRIBUIDORA LTDA.,BERTIOGA,6,1995,Sociedade Limitada
35213144840,HARMAN DO BRASIL LTDA,SAO PAULO,6,1995,Sociedade Limitada
35213144858,"WAMING - COMERCIO, IMPORTACAO E EXPORTACAO LTDA",SAO BERNARDO DO CAMPO,6,1995,Sociedade Limitada
35213144866,C.D.I. MOTO SERVICE E COMERCIO LTDA,SAO PAULO,6,1995,Sociedade Limitada
35213144874,COMERCIAL STREET POWER LTDA.,SANTO ANDRE,6,1995,Sociedade Limitada
35213144882,FIBRAL INDUSTRIA E COMERCIO LTDA,GUARULHOS,6,1995,Sociedade Limitada
35213144891,PETUT'S CONFECCOES INDUSTRIA E COMERCIO LTDA.,SAO PAULO,6,1995,Sociedade Limitada
35213144904,MASTER CAR SERVICOS TECNICOS LTDA.,SAO PAULO,6,1995,Sociedade Limitada
35213144912,CORRECAO DESENVOLVIMENTO E INVESTIMENTOS LTDA.,SAO PAULO,6,1995,Sociedade Limitada
35213144921,ARAUJO & REGAZZO LTDA.,VERA CRUZ,6,1995,Sociedade Limitada
35213144939,RHM COMERCIO E REPRESENTACOES LTDA.,SAO PAULO,6,1995,Sociedade Limitada
35213144947,RIO PRETO COMERCIO DE MOVEIS E ARTIGOS DE HABITACAO LTDA.,SAO PAULO,6,1995,Sociedade Limitada
35213144955,SOROCABA COMERCIO DE MOVEIS E ARTIGOS DE HABITACAO LTDA.,SAO PAULO,6,1995,Sociedade Limitada
35213144963,BAURU COMERCIO DE MOVEIS E ARTIGOS DE HABITACAO LTDA.,SAO PAULO,6,1995,Sociedade Limitada
35213144971,"WALKEL COMERCIO, IMPORTACAO E EXPORTACAO LTDA.",SAO PAULO,6,1995,Sociedade Limitada
35213144980,SANTO AMARO COMERCIO DE MOVEIS E ARTIGOS DE HABITACAO LTDA.,SAO PAULO,6,1995,Sociedade Limitada
35213144998,DESTAC PINTURAS TECNICAS LTDA,CAIEIRAS,6,1995,Sociedade Limitada
35213145013,VENETO - ARMAZENS GERAIS LTDA,SAO PAULO,6,1995,Sociedade Limitada
35213145021,J. J. FRITAS TAUBATE LTDA,TAUBATE,6,1995,Sociedade Limitada
35213145030,FLADIMED COMERCIO LTDA,SAO PAULO,6,1995,Sociedade Limitada
35213145056,GENNARI & BITTAR COMERCIAL E LOCACAO DE BENS LTDA,SAO PAULO,6,1995,Sociedade Limitada
35213145064,BAZAR PAPELARIA E ROUPAS CAWVEMAR LTDA,SANTANA DE PARNAIBA,6,1995,Sociedade Limitada
35213145072,MERCADINHO SANTANA DE PARNAIBA LTDA,SANTANA DE PARNAIBA,6,1995,Sociedade Limitada
35213145081,MSD SUPRIMENTOS PARA INFORMATICA LTDA.,SAO PAULO,6,1995,Sociedade Limitada
35213145099,Q.A.P. - COMUNICACOES E INFORMATICA LTDA.,GUARULHOS,6,1995,Sociedade Limitada
35213145102,INDUSTRIA E COMERCIO DE PRODUTOS ALIMENTICIOS VENTURI LTDA.,PARIQUERA-ACU,6,1995,Sociedade Limitada
35213145111,TRANSPORTADORA MUNDIAL LTDA.,SAO PAULO,6,1995,Sociedade Limitada
35213145129,IMAGICA EDITORA LTDA.,SAO PAULO,6,1995,Sociedade Limitada
35213145137,NESCO CONSTRUTORA E INCORPORADORA LTDA.,SAO PAULO,6,1995,Sociedade Limitada
35213145145,MANNER ENGENHARIA E EMPREENDIMENTOS LTDA.,SAO PAULO,6,1995,Sociedade Limitada
35213145153,ALFA & OMEGA COMERCIO DE MATERIAIS HIDRAULICOS E ELETRICOS LTDA.,SAO PAULO,6,1995,Sociedade Limitada
35213145161,GIS COMERCIO E SERVICOS LTDA.,BOITUVA,6,1995,Sociedade Limitada
35213145170,ETERNAMENTE BELLA MODAS LTDA.,SAO PAULO,6,1995,Sociedade Limitada
35213145188,HIPERTEM COMERCIO E REPRESENTACOES LTDA.,FERRAZ DE VASCONCELOS,6,1995,Sociedade Limitada
35213145196,MARCOMPUTER - SERVICOS DE MANUTENCAO DE COMPUTADORES LTDA,SAO PAULO,6,1995,Sociedade Limitada
35213145200,GOLDLUKE & GIFTS LTDA.,SAO PAULO,6,1995,Sociedade Limitada
35213145218,RAMAGRAF INDUSTRIA E COMERCIO DE MAQUINAS LTDA,SAO PAULO,6,1995,Sociedade Limitada
35213145226,EISENMANN DO BRASIL EQUIPAMENTOS INDUSTRIAIS LTDA.,SAO PAULO,6,1995,Sociedade Limitada
35213145234,"SURVEY, CONSULTORIA E MARKETING LTDA.",SAO PAULO,6,1995,Sociedade Limitada
35213145242,ANCAR - DISTRIBUIDORA DE CARNES LTDA.,OSASCO,6,1995,Sociedade Limitada
35213145251,CAROL - LEMBRANCAS DE GUARUJA LTDA.,GUARUJA,6,1995,Sociedade Limitada
35213145269,VENUS ACABAMENTOS GRAFICOS LTDA,SAO PAULO,6,1995,Sociedade Limitada
35213145277,PROENCA COMERCIO DE MOVEIS LTDA,SOROCABA,6,1995,Sociedade Limitada
35213145285,J F SILVA BAR E MERCEARIA LTDA,SAO PAULO,6,1995,Sociedade Limitada
35213145293,BAZAR E PAPELARIA DAYEL LTDA,SAO PAULO,6,1995,Sociedade Limitada
35213145307,QUITANDA E MERCEARIA ISRAEL LTDA,SAO PAULO,6,1995,Sociedade Limitada
35213145315,TMJ PRODUTOS SIDERURGICOS LTDA.,SAO PAULO,6,1995,Sociedade Limitada
35213145323,APLAUSO INDUSTRIA E COMERCIO DE CONFECCOES E ACESSORIOS LTDA.,SAO PAULO,6,1995,Sociedade Limitada
35213145331,SUPERMERCADO CENTER MASTER LTDA.,SAO PAULO,6,1995,Sociedade Limitada
35213145340,ARAGAO & PETRONI - ARTES GRAFICAS LTDA,SAO PAULO,6,1995,Sociedade Limitada
35213145358,NICKEL ALLOYS COMERCIO E IMPORTACAO LTDA.,BRAGANCA PAULISTA,6,1995,Sociedade Limitada
35213145366,COMERCIO DE COSMETICOS CHERLYS LTDA,SAO PAULO,6,1995,Sociedade Limitada
35213145374,RHCOMPANY TRABALHO TEMPORARIO LTDA.,SAO PAULO,6,1995,Sociedade Limitada
35213145382,FRIOS E LATICINIOS SANTOS E DIAS LTDA.,POTIM,6,1995,Sociedade Limitada
35213145391,RAIO DE LUZ - COMERCIO DE BRINDES E ARTIGOS EVANGELICOS LTDA.,SAO PAULO,6,1995,Sociedade Limitada
35213145404,MADEIREIRA MATO SUL LTDA.,MOGI DAS CRUZES,6,1995,Sociedade Limitada
35213145412,TRANSCARMO TRANSPORTES LTDA.,SAO BERNARDO DO CAMPO,6,1995,Sociedade Limitada
35213145421,GALDINO TRANSPORTES LTDA.,SAO BERNARDO DO CAMPO,6,1995,Sociedade Limitada
35213145439,MISTER MUSICA - COMERCIAL LTDA.,SAO PAULO,6,1995,Sociedade Limitada
35213145447,C.R.C. REPRESENTACOES GUAPIACU LTDA.,SAO JOSE DO RIO PRETO,6,1995,Sociedade Limitada
35213145455,FACTORING QUARTIM E SESTI LTDA.,PRESIDENTE PRUDENTE,6,1995,Sociedade Limitada
35213145463,SERRALHERIA MILTIPOS LTDA.,PRESIDENTE PRUDENTE,6,1995,Sociedade Limitada
35213145471,IMARES EVENTOS. DIVERSOES E ALIMENTOS LTDA,SAO PAULO,6,1995,Sociedade Limitada
35213145480,STF BRASIL CARIMBOS PRE-INKED COLOR LTDA.,SAO PAULO,6,1995,Sociedade Limitada
35213145498,BRONX REPRESENTACOES E PARTICIPACOES LTDA,SAO PAULO,6,1995,Sociedade Limitada
35213145501,FLOR E ERVAS COMERCIO IMPORTACAO E EXPORTACAO DE PRODUTOS LTDA.,SAO PAULO,6,1995,Sociedade Limitada
35213145510,RENTER COMERCIO E LOCACAO DE RADIO LTDA,SAO PAULO,6,1995,Sociedade Limitada
35213145528,LE DRI COMERCIAL LTDA.,SAO PAULO,6,1995,Sociedade Limitada
35213145536,LANCHONDETE E CHOPERIA BOLA CENTRO LTDA.,TORRINHA,6,1995,Sociedade Limitada
35213145544,FENIX MARACAI AGRICOLA LTDA.,MARACAI,6,1995,Sociedade Limitada
35213145552,AGROVAP PRODUTOS AGROPECUARIOS LTDA.,OURINHOS,6,1995,Sociedade Limitada
35213145561,MISTER CHINA FAST FOOD DELIVERY LTDA.,SANTO ANDRE,6,1995,Sociedade Limitada
35213145579,SR & D - LOJA DE ALIMENTOS LTDA,SAO PAULO,6,1995,Sociedade Limitada
35213145587,LOJA DE MOVEIS PRIMO BOM LTDA,SAO PAULO,6,1995,Sociedade Limitada
35213145595,ANTUNES E NOGUEIRA PAPELARIA LTDA.,TAUBATE,6,1995,Sociedade Limitada
35213145609,OFICINA MECANICA ROTA SUL LTDA.,PARIQUERA-ACU,6,1995,Sociedade Limitada
35213145617,VIGNOLI COMERCIO E REPRESENTACAO LTDA,TAQUARITUBA,6,1995,Sociedade Limitada
35213145625,MILTINTAS COMERCIAL SG LTDA,SANTA GERTRUDES,6,1995,Sociedade Limitada
35213145633,LCR DISTRIBUIDORA E REPRESENTACOES LTDA.,JUNDIAI,6,1995,Sociedade Limitada
35213145641,BAR E LANCHES CUSTODIO LTDA.,SAO BERNARDO DO CAMPO,6,1995,Sociedade Limitada
35213145650,DIAS FRANCHINI TELECOMUNICACOES E ELETRONICA LTDA.,PRESIDENTE PRUDENTE,6,1995,Sociedade Limitada
35213145668,DAMARIS MODAS LTDA.,MONTE ALTO,6,1995,Sociedade Limitada
35213145676,DAM TEC COMERCIALLTDA.,INDAIATUBA,6,1995,Sociedade Limitada
35213145684,SILVEIRA E MARTINS COMERCIALIZACAO DE PRODUTOS GRAFICOS LTDA.,JANDIRA,6,1995,Sociedade Limitada
35213145692,CRISTAL PERFUMARIA E ACESSORIOS LTDA.,SAO PAULO,6,1995,Sociedade Limitada
35213145706,B & M SERVITEC LTDA.,GUARULHOS,6,1995,Sociedade Limitada
35213145714,MATHIFERGUS TRANSPORTES E REPRESENTACOES LTDA,SAO JOSE DOS CAMPOS,6,1995,Sociedade Limitada
35213145722,SANZITRANS TRANSPORTES GERAIS LTDA.,SAO PAULO,6,1995,Sociedade Limitada
35213145731,HENO COMERCIAL LTDA.,SAO PAULO,6,1995,Sociedade Limitada
35213145749,FUTEBOL DE SABAO LTDA,SAO PAULO,6,1995,Sociedade Limitada
35213145757,ELETRICA COSTA ARARAQUARA LTDA.,ARARAQUARA,6,1995,Sociedade Limitada
35213145765,BAZAR E PAPELARIA VIVIANE LTDA,SAO PAULO,6,1995,Sociedade Limitada
35213145773,AGRO COMERCIAL MATHIAS LTDA.,SAO PAULO,6,1995,Sociedade Limitada
35213145781,NOMURA & CIA LTDA,RIBEIRAO PRETO,6,1995,Sociedade Limitada
35213145790,IMPORT COMERCIO DE AUTO PECAS LTDA,RIBEIRAO PRETO,6,1995,Sociedade Limitada
35213145803,A.M.C.M. SISTEMAS E COMPUTADORES LTDA.,RIBEIRAO PRETO,6,1995,Sociedade Limitada
35213145811,ADM SANTOS DEMOLIDORA E MATERIAIS PARA CONSTRUCAO LTDA,RIBEIRAO PRETO,6,1995,Sociedade Limitada
35213145820,PANIFICADORA UBIRATA LTDA.,RIBEIRAO PRETO,6,1995,Sociedade Limitada
35213145838,PERONI & AGUIAR LTDA.,RIBEIRAO PRETO,6,1995,Sociedade Limitada
35213145846,GOMES E GOMES VOTUPORANGA LTDA.,VOTUPORANGA,6,1995,Sociedade Limitada
35213145854,GOLD FISH COMERCIO LTDA.,BOTUCATU,6,1995,Sociedade Limitada
35213145862,EMPREENDIMENTO IMOBILIARIO PROJECERTO LTDA.,SAO BERNARDO DO CAMPO,6,1995,Sociedade Limitada
35213145871,JOB WORK COMERCIO E CONSULTORIA DE INFORMATICA LTDA.,POA,6,1995,Sociedade Limitada
35213145889,A & J CONSULTORIA EM INFORMATICA LTDA.,SAO PAULO,6,1995,Sociedade Limitada
35213145897,BECANE CONSULTORIA DE INFORMATICA LTDA,SAO PAULO,6,1995,Sociedade Limitada
35213145901,RESENDE & MOROTTI LTDA,GUARULHOS,6,1995,Sociedade Limitada
35213145919,DALIAS REPRESENTACAO COMERCIAL LTDA,PINDAMONHANGABA,6,1995,Sociedade Limitada
35213145927,JOSE A.A. BARBOSA TECIDOS LTDA.,AMERICANA,6,1995,Sociedade Limitada
35213145935,ESPORTE ALIANCA COMERCIAL LTDA,SAO PAULO,6,1995,Sociedade Limitada
35213145943,AUTO MECANICA ALGA DIESEL LTDA.,GUARULHOS,6,1995,Sociedade Limitada
35213145951,W.N. CESTA BASICA LTDA.,SAO PAULO,6,1995,Sociedade Limitada
35213145960,PRETO NO BRANCO COMUNICACAO LTDA.,CAMPINA DO MONTE ALEGRE,6,1995,Sociedade Limitada
35213145978,TONDELLI & TONDELLI LTDA.,MONTE ALTO,6,1995,Sociedade Limitada
35213145986,TIDEWATER SERVICOS MARITIMOS LTDA.,SAO PAULO,6,1995,Sociedade Limitada
35213145994,TRADING CENTER REPRESENTACOES LTDA,VALINHOS,6,1995,Sociedade Limitada
35213146001,BIGCOMP SOLUCOES E SERVICOS DE TECNOLOGIA LTDA,SAO PAULO,6,1995,Sociedade Limitada
35213146010,DI MAGGIO COMERCIO DE VEICULOS LTDA,SAO PAULO,6,1995,Sociedade Limitada
35213146028,FULL COMPUTER COMERCIO E ASSISTENCIA TECNICA EM INFORMATICA LTDA.,SAO PAULO,6,1995,Sociedade Limitada
35213146036,VIWA-PRODUTOS PARA RECREACAO LTDA,CAIEIRAS,6,1995,Sociedade Limitada
35213146044,HP BAR E LANCHES LTDA.,SAO PAULO,6,1995,Sociedade Limitada
35213146052,LANCHES DUKITEM LTDA.,SAO PAULO,6,1995,Sociedade Limitada
35213146061,SAMPAUL EQUIPAMENTOS ESPORTIVOS LTDA,DIADEMA,6,1995,Sociedade Limitada
35213146079,F.D.L. COMERCIAL LTDA.,SAO PAULO,6,1995,Sociedade Limitada
35213146087,H MILLA COMERCIAL E TECNICA LTDA,CAMPO LIMPO PAULISTA,6,1995,Sociedade Limitada
35213146095,SANESMED - COMERCIAL LTDA,SANTOS,6,1995,Sociedade Limitada
35213146109,CONGONHAS COMERCIO DE PECAS E ACESSORIOS PARA AUTOS LTDA,SAO PAULO,6,1995,Sociedade Limitada
35213146117,RESTAURANTE GOLFINHO AZUL LTDA,SAO JOSE DOS CAMPOS,6,1995,Sociedade Limitada
35213146125,COMERCIO DE CONFECCOES BUM BUM FELIZ LTDA,SAO PAULO,6,1995,Sociedade Limitada
35213146133,SIL INFORMATICA LTDA.,COTIA,6,1995,Sociedade Limitada
35213146141,COUFERVIT COMERCIO DE COUROS LTDA,SAO PAULO,6,1995,Sociedade Limitada
35213146150,ANIETA A. ALMEIDA E CIA LTDA,ALUMINIO,6,1995,Sociedade Limitada
35213146168,ARTBEL MADEIRAS E ESQUADRIAS LTDA.,TATUI,6,1995,Sociedade Limitada
35213146176,MANUTEP - MANUTENCAO E PECAS AUTOMOTIVAS INDUSTRIAIS LTDA,RIO CLARO,6,1995,Sociedade Limitada
35213146184,BB & CIA COMERCIO DE ARTIGOS INFANTIS LTDA,SAO PAULO,6,1995,Sociedade Limitada
35213146192,ARTEMALHAS COMERCIO DE TECIDOS LTDA,SANTA BARBARA D'OESTE,6,1995,Sociedade Limitada
35213146206,MASTER SAUDE ASSISTENCIA MEDICA LTDA,CAMPINAS,6,1995,Sociedade Limitada
35213146214,BANCA TUPACINUNGA LTDA.,SAO PAULO,6,1995,Sociedade Limitada
35213146222,RCS INFORMATICA LTDA,COTIA,6,1995,Sociedade Limitada
35213146231,FAXPHONE TELECOMUNICACOES LTDA.,SAO PAULO,6,1995,Sociedade Limitada
35213146249,POUSADA CASA DOS VARGAS LTDA.,SAO ROQUE,6,1995,Sociedade Limitada
35213146257,7 PROMOCOES ARTISTICAS LTDA,SAO PAULO,6,1995,Sociedade Limitada
35213146265,FUNCIONAL-INDUSTRIA E COMERCIO DE CONFECCOES LTDA.,ITAPEVI,6,1995,Sociedade Limitada
35213146273,R. A. VITORIA ESTAMPARIA E CONFECCAO LTDA.,MOGI-GUACU,6,1995,Sociedade Limitada
35213146281,A. AMERICANA TRANSPORTADORA E DESENTUPIDORA LTDA.,SAO PAULO,6,1995,Sociedade Limitada
35213146290,FORMOSO & DE PAULA LTDA,SANTA RITA DO PASSA QUATRO,6,1995,Sociedade Limitada
35213146303,"ELOBELLI COMERCIO DE COSMETICOS LTDA,",SAO PAULO,6,1995,Sociedade Limitada
35213146311,A ROSA DE SARON - FLORES E PRESENTES LTDA.,SAO BERNARDO DO CAMPO,6,1995,Sociedade Limitada
35213146320,CYPA COMERCIO DE PRODUTOS DE LIMPEZA LTDA.,SAO PAULO,6,1995,Sociedade Limitada
35213146338,INCORPORADORA J.J. TARDIN LTDA.,MARTINOPOLIS,6,1995,Sociedade Limitada
35213146346,LESTE ARICANDUVA COMERCIAL DE VEICULOS LTDA.,SAO PAULO,6,1995,Sociedade Limitada
35213146354,ARTE & SANTANA'S REPRESENTACOES COMERCIAIS LTDA.,SANTO ANDRE,6,1995,Sociedade Limitada
35213146362,L. D. GRAFICA LTDA.,SAO PAULO,6,1995,Sociedade Limitada
35213146371,PONTO A PONTO COMERCIO DE ENXOVAIS LTDA,CAMPINAS,6,1995,Sociedade Limitada
35213146389,MECCA - MOVEIS E EQUIPAMENTO PARA ESCRITORIO LTDA.,SAO PAULO,6,1995,Sociedade Limitada
35213146397,R.B.COURO LTDA.,BOCAINA,6,1995,Sociedade Limitada
35213146401,R.C. EMPREITARIA DE MAO DE OBRA LTDA.,SAO PAULO,6,1995,Sociedade Limitada
35213146419,FKS COMERCIO DE BEBIDAS E INFORMATICA LTDA - ME,SAO PAULO,6,1995,Sociedade Limitada
35213146427,F W T TECNICA EM REVESTIMENTOS LTDA.,SAO PAULO,6,1995,Sociedade Limitada
35213146435,CONFECCOES SANTA IZILDINHA LTDA.,SAO PAULO,6,1995,Sociedade Limitada
35213146443,VINY BOY MODAS LTDA,SAO PAULO,6,1995,Sociedade Limitada
35213146451,SERELEPE COMERCIO DE BRINQUEDOS INTELIGENTES LTDA-ME,SERRA NEGRA,6,1995,Sociedade Limitada
35213146460,A N B MODAS LTDA.,SAO PAULO,6,1995,Sociedade Limitada
35213146486,M.I.L. GONZALEZ E CIA LTDA,CAMPINAS,6,1995,Sociedade Limitada
35213146494,CONFECCOES ZE ROZA LTDA.,BOTUCATU,6,1995,Sociedade Limitada
35213146508,COMERCIO DE DOCES CAVALCANTE LTDA.,PRESIDENTE PRUDENTE,6,1995,Sociedade Limitada
35213146516,CAMPINO COMERCIO DE ARTIGOS PARA FESTAS LTDA.,BAURU,6,1995,Sociedade Limitada
35213146524,SOARES & HOJAS COMERCIO REPRESENTACOES LTDA,BAURU,6,1995,Sociedade Limitada
35213146532,ROCHA MATTOS CONFECCOES LTDA,SUMARE,6,1995,Sociedade Limitada
35213146541,LOURENCO & CARPANI LTDA.,SUMARE,6,1995,Sociedade Limitada
35213146559,MERCEARIA IUPICANGA LTDA,SAO PAULO,6,1995,Sociedade Limitada
35213146567,MARTINS E SANTIAGO CORRETORA DE SEGUROS LTDA,SAO PAULO,6,1995,Sociedade Limitada
35213146575,REDE CRIATIVA - EDITORA E PRODUCOES LTDA,SAO PAULO,6,1995,Sociedade Limitada
35213146583,PICADELLI HOUSE TELEFONIA LTDA.,CAMPINAS,6,1995,Sociedade Limitada
35213146591,ELIKAR MECANICA INDUSTRIAL LTDA,SAO PAULO,6,1995,Sociedade Limitada
35213146605,BICICLETARIA ITALIA LTDA.,SAO PAULO,6,1995,Sociedade Limitada
35213146613,ISLA - TUR VIAGENS E EXCURSOES LTDA,SAO PAULO,6,1995,Sociedade Limitada
35213146621,M E C ARTES GRAFICA LTDA.,ITAPECERICA DA SERRA,6,1995,Sociedade Limitada
35213146630,MEDICAL TV EDUCATIVA LTDA.,SAO PAULO,6,1995,Sociedade Limitada
35213146648,MERCADINHO AUTO JARDIM LTDA,SAO PAULO,6,1995,Sociedade Limitada
35213146656,AGRO PER4EIRA & DOMINGUES LTDA.,BURI,6,1995,Sociedade Limitada
35213146664,MMSD CAR COMERCIO E SERVICOS LTDA.,SAO PAULO,6,1995,Sociedade Limitada
35213146672,WQS COMERCIO DE PECAS INDUSTRIAIS E SERVICOS LTDA.,PINDAMONHANGABA,6,1995,Sociedade Limitada
35213146681,A A DIVISOART COMERCIO DE DIVISORIAS LTDA.,SAO PAULO,6,1995,Sociedade Limitada
35213146699,XIBIUS BAR LTDA,SAO PAULO,6,1995,Sociedade Limitada
35213146702,DISTRIBUIDORA DE BEBIDAS TEODORO LTDA.,BARUERI,6,1995,Sociedade Limitada
35213146711,GARCIA PEREIRA GARCIA MARCENARIA LTDA,PRAIA GRANDE,6,1995,Sociedade Limitada
35213146729,ELETRO HIDRA COMERCIO DE HIDRAULICOS LTDA,PIRACICABA,6,1995,Sociedade Limitada
35213146737,A.P.P. IMPORTACAO E COMERCIO DE PRODUTOS P/ LABORATORIOS LTDA,SAO PAULO,6,1995,Sociedade Limitada
35213146745,BLUE DAYS COMERCIO E SERVICOS DE INFORMATICA LTDA,SAO PAULO,6,1995,Sociedade Limitada
35213146753,CASA DE CARNES BRASIL DE AMERICANA LTDA.,AMERICANA,6,1995,Sociedade Limitada
35213146761,DROGARIA DAGOMAR LTDA.,SAO PAULO,6,1995,Sociedade Limitada
35213146770,LOURPED CONFECCOES LTDA,AMPARO,6,1995,Sociedade Limitada
35213146788,LANCHONETE DO XANDAO LTDA.,AMPARO,6,1995,Sociedade Limitada
35213146796,"CLOVIS, COMERCIO E REPRESENTACOES LTDA.",PEDERNEIRAS,6,1995,Sociedade Limitada
35213146800,QUALITA BANHEIROS E INTERIORES LTDA.,VINHEDO,6,1995,Sociedade Limitada
35213146818,CALHAS ALTOS DA VILA LTDA.,ARARAQUARA,6,1995,Sociedade Limitada
35213146826,MOTA E LIMA SERVICOS E COMERCIO LTDA.,SAO PAULO,6,1995,Sociedade Limitada
35213146834,EMPRESA DE ALIMENTOS SATO E FUJIMURA LTDA.,SAO PAULO,6,1995,Sociedade Limitada
35213146842,Z INFORMATICA DE IPERO LTDA.,IPERO,6,1995,Sociedade Limitada
35213146851,WOODSTOCK BAZAR E ARMARINHOS LTDA.,DIVINOLANDIA,6,1995,Sociedade Limitada
35213146869,FREDERICE & FRANCISCHINI LTDA.,ITAPUI,6,1995,Sociedade Limitada
35213146877,MARIA FRACAROLLI JUSTO & CIA LTDA.,BARRA BONITA,6,1995,Sociedade Limitada
35213146885,SUPERMERCADO PRECO BOM LTDA.,ARARAQUARA,6,1995,Sociedade Limitada
35213146893,CONSTRULACQUA PISCINAS LTDA.,ARARAQUARA,6,1995,Sociedade Limitada
35213146907,USUAL TRANSPORTES E SERVICOS LTDA.,SAO PAULO,6,1995,Sociedade Limitada
35213146915,BALLES DESENHOS TECNICOS LTDA,JARINU,6,1995,Sociedade Limitada
35213146923,MOBILAR CENTER MOVEIS E DECORACOES LTDA.,GUARULHOS,6,1995,Sociedade Limitada
35213146931,NINNO'S IMPORTACAO LTDA,SAO PAULO,6,1995,Sociedade Limitada
35213146940,BAR E LANCHES PAPUDINHO'S LTDA.,SAO PAULO,6,1995,Sociedade Limitada
35213146958,SERVTEV - COMERCIO E ASSISTENCIA TECNICA LTDA,SAO PAULO,6,1995,Sociedade Limitada
35213146966,MARCENARIA E DECORACOES ALVORECER LTDA,SAO PAULO,6,1995,Sociedade Limitada
35213146974,FENACK INDUSTRIA E COMERCIO LTDA,BARIRI,6,1995,Sociedade Limitada
35213146982,CONTEC TERRAPLENAGEM CONSTRUCAO E COMERCIO LTDA,MAUA,6,1995,Sociedade Limitada
35213146991,CITY-FLOR MOVEIS E UTILIDADES LTDA,SAO PAULO,6,1995,Sociedade Limitada
35213147008,GARBAS & GARBAS LTDA.,SUMARE,6,1995,Sociedade Limitada
35213147016,FRUTICOLA BENATTI LTDA,SANTA ADELIA,6,1995,Sociedade Limitada
35213147024,WSL.CONSTRUCOES E COMERCIO LTDA.,SANTANA DE PARNAIBA,6,1995,Sociedade Limitada
35213147032,JL EMBALAGENS E MANUSEIO LTDA.,SAO PAULO,6,1995,Sociedade Limitada
35213147041,RIOS & RUIS LTDA.,SAO JOSE DOS CAMPOS,6,1995,Sociedade Limitada
35213147059,J H R COMERCIO DE CALCADOS E CONFECCOES DE PECAS DO VESTUARIO E ACESSORIOS LTDA - ME,SAO PAULO,6,1995,Sociedade Limitada
35213147067,TRANSPORTES THIAGUINHO LTDA.,SAO PAULO,6,1995,Sociedade Limitada
35213147075,ATLAS BEBEDOURO VEICULOS E PECAS LTDA.,BEBEDOURO,6,1995,Sociedade Limitada
35213147083,CONSTRUSOL ENGENHARIA E COMERCIO LTDA,ARARAQUARA,6,1995,Sociedade Limitada
35213147091,DISTRIBUIDORA R & L BAURU LTDA,BAURU,6,1995,Sociedade Limitada
35213147105,L.C.A. COMERCIO DE ROUPAS E BRINQUEDOS LTDA.,EMBU,6,1995,Sociedade Limitada
35213147113,EMPORIUM ATOMO SAGRADO LTDA,SAO PAULO,6,1995,Sociedade Limitada
35213147121,MANEZAO E FILHOS COMERCIO DE GAS LTDA.,OURINHOS,6,1995,Sociedade Limitada
35213147130,SUPRIVIL COMERCIAL LTDA.,RIO CLARO,6,1995,Sociedade Limitada
35213147148,DANIEL E MENDES RESTAURANTE E CHURRASCARIA LTDA.,SAO CARLOS,6,1995,Sociedade Limitada
35213147156,EDITORA PECON LTDA,ATIBAIA,6,1995,Sociedade Limitada
35213147164,GRANVIS PAINEIS LTDA,SAO JOSE DOS CAMPOS,6,1995,Sociedade Limitada
35213147172,RENACAR CENTER AUTO LTDA.,SAO PAULO,6,1995,Sociedade Limitada
35213147181,S.C. RODRIGUES & CIA. LTDA.,SAO SIMAO,6,1995,Sociedade Limitada
35213147199,BELLEVUE EMPREENDIMENTOS E PARTICIPACOES LTDA.,SAO PAULO,6,1995,Sociedade Limitada
35213147202,FRIO SUL AR CONDICIONADO LTDA.,SAO PAULO,6,1995,Sociedade Limitada
35213147211,GOLDMINE COMERCIO E SERVICOS LTDA,PRESIDENTE EPITACIO,6,1995,Sociedade Limitada
35213147229,REI DOS ENGATES COMERCIO DE CARRETAS E ARTIGOS NAUTICOS LTDA.,SAO PAULO,6,1995,Sociedade Limitada
35213147237,CASA DE MASSAS MIRINHO GUARULHOS LTDA.,GUARULHOS,6,1995,Sociedade Limitada
35213147245,W D L - INDUSTRIA E COMERCIO DE CONFECCOES LTDA.,SAO JOAO DA BOA VISTA,6,1995,Sociedade Limitada
35213147253,BAR E MERCEARIA JM SAO CARLOS LTDA.,SAO CARLOS,6,1995,Sociedade Limitada
35213147261,SURGICON COMERCIO DE PRODUTOS MEDICO - HOSPITALAR LTDA,SAO CAETANO DO SUL,6,1995,Sociedade Limitada
35213147270,LUIZ MERLOTTO & CIA. LTDA.,SANTA FE DO SUL,6,1995,Sociedade Limitada
35213147288,PADILHA E SOUZA JOSE BONIFACIO LTDA.,JOSE BONIFACIO,6,1995,Sociedade Limitada
35213147296,SALTHLUCK INDUSTRIA E COMERCIO LTDA.,SALTO,6,1995,Sociedade Limitada
35213147300,MINI MERCADO S N CARRAMAO LTDA,ITANHAEM,6,1995,Sociedade Limitada
35213147318,MADEFER DE AMERICO BRASILIENSE MARCENARIA E SERRALHERIA LTDA.,AMERICO BRASILIENSE,6,1995,Sociedade Limitada
35213147326,CONTINENTAL S.R.L. BR - COMERCIAL IMPORTADORA E EXPORTADORA LTDA.,SAO PAULO,6,1995,Sociedade Limitada
35213147334,REVONE DIESEL COMERCIAL AUTO PECAS LTDA,SAO PAULO,6,1995,Sociedade Limitada
35213147342,JAND QUIMICA INDUSTRIA E COMERCIO DE PRODUTOS QUIMICOS LTDA.,JANDIRA,6,1995,Sociedade Limitada
35213147351,LEDER MAX REPRESENTACOES LTDA.,SAO PAULO,6,1995,Sociedade Limitada
35213147369,HOLMEN CONFECCOES LTDA.,SAO PAULO,6,1995,Sociedade Limitada
35213147377,CRIS PIZZA LTDA.,CAMPINAS,6,1995,Sociedade Limitada
35213147385,ARTCON MATERIAIS PARA CONSTRUCAO LTDA.,HORTOLANDIA,6,1995,Sociedade Limitada
35213147393,B.R.N. ENGENHARIA CONSTRUCOES E PROJETOS LTDA.,CAMPINAS,6,1995,Sociedade Limitada
35213147407,THIDIE INDUSTRIA E COMERCIO DE FRALDAS E ABSORVENTES LTDA,SAO PAULO,6,1995,Sociedade Limitada
35213147415,TAPMAQ COMERCIO E REPRESENTACOES LTDA.,CAMPINAS,6,1995,Sociedade Limitada
35213147423,ART COPY COPIADORA DE MARILIA LTDA.,MARILIA,6,1995,Sociedade Limitada
35213147431,CONFECCOES CARTUM LTDA.,COTIA,6,1995,Sociedade Limitada
35213147440,CONFECCOES RANDEI LTDA.,SANTA CRUZ DAS PALMEIRAS,6,1995,Sociedade Limitada
35213147458,DIAS DA CRUZ E DOMINGUES LTDA,SANTA BARBARA D'OESTE,6,1995,Sociedade Limitada
35213147466,MISTER KLICK PHOTO COMERCIAL LTDA.,SAO PAULO,6,1995,Sociedade Limitada
35213147474,EMPREENDIMENTOS CULTURAIS EDITORA AMADIO LTDA.,SAO PAULO,6,1995,Sociedade Limitada
35213147482,DUARTE & LIMEIRA LTDA,NOVO HORIZONTE,6,1995,Sociedade Limitada
35213147491,J.W.D. PADARIA E CONFEITARIA LTDA.,GUARULHOS,6,1995,Sociedade Limitada
35213147504,COMERCIO DE MATERIAIS PARA CONSTRUCAO JAMEVE LTDA,SAO PAULO,6,1995,Sociedade Limitada
35213147512,DWEUS AGRONEGOCIOS MERCANTIL LTDA,MIRACATU,6,1995,Sociedade Limitada
35213147521,ESCADA & FILHO LTDA.,GUARATINGUETA,6,1995,Sociedade Limitada
35213147539,BAR RESTAURANTE TREVO GUARATA LTDA.,GUARATINGUETA,6,1995,Sociedade Limitada
35213147547,ADEGA E MERCEARIA VIALLE LTDA.,SANTO ANDRE,6,1995,Sociedade Limitada
35213147555,SPOT HOUSE INDUSTRIA E COMERCIO DE LUSTRES LTDA.,SAO PAULO,6,1995,Sociedade Limitada
35213147563,CANADIAN COMERCIO E BENEFICIAMENTO DE METAIS LTDA.,SANTANA DE PARNAIBA,6,1995,Sociedade Limitada
35213147571,RCINFO PROCESSAMENTO DE DADOS LTDA.,JUQUITIBA,6,1995,Sociedade Limitada
35213147580,SISTEMCOM INFORMATICA LTDA.,SAO PAULO,6,1995,Sociedade Limitada
35213147601,NTK INSTALACOES ELETRICAS LTDA,SAO PAULO,6,1995,Sociedade Limitada
35213147610,REFORMAM EMPREITEIRA LTDA,PRAIA GRANDE,6,1995,Sociedade Limitada
35213147628,MOREIRA & SANTOS LTDA.,SANTOS,6,1995,Sociedade Limitada
35213147636,COMERCIAL AGRO-PECUARIA VALE DO PARANAPANEMA ITAI LTDA.,ITAI,6,1995,Sociedade Limitada
35213147644,SLD SERVICOS DE LIMPEZA DIADEMA LTDA.,DIADEMA,6,1995,Sociedade Limitada
35213147652,PORKU'S - BAR E LANCHONETE LTDA,CATANDUVA,6,1995,Sociedade Limitada
35213147661,ALMEIDA E ALMEIDA DE LINS COMERCIAL LTDA.,LINS,6,1995,Sociedade Limitada
35213147679,DOMA TRANSPORTE E NAVEGACAO LTDA,JAU,6,1995,Sociedade Limitada
35213147687,TOMAZ & SANTANA LTDA.,SANTOS,6,1995,Sociedade Limitada
35213147695,O&V EMPREENDIMENTOS IMOBILIARIOS LTDA,SAO PAULO,6,1995,Sociedade Limitada
35213147709,COMERCIAL EDUARDO - RAVELLI LTDA,RIO CLARO,6,1995,Sociedade Limitada
35213147717,WBS COMERCIO E REPRESENTACAO DE AUTO PECAS E ACESSORIOS LTDA.,SAO PAULO,6,1995,Sociedade Limitada
35213147725,ZENIIJATAN LANCHES LTDA,SAO PAULO,6,1995,Sociedade Limitada
35213147733,DABRA LTDA.,SAO PAULO,6,1995,Sociedade Limitada
35213147741,INDUSPEC COMERCIO DE PECAS E SERVICOS LTDA.,SAO JOSE DOS CAMPOS,6,1995,Sociedade Limitada
35213147750,VIEIRA'S BOUTIQUE DE PAES LTDA.,SAO PAULO,6,1995,Sociedade Limitada
35213147768,RICAMAR PAPELARIA E PRESENTES LTDA,SAO PAULO,6,1995,Sociedade Limitada
35213147776,CAMPOS & SOUZA COMERCIO DE PECAS PARA AUTOS LTDA,SAO PAULO,6,1995,Sociedade Limitada
35213147784,ACERT-IN RESSARCIMENTOS E COBRANCAS LTDA,SAO PAULO,6,1995,Sociedade Limitada
35213147792,UNIAO BRASILEIRA GRAFICA LTDA,SAO PAULO,6,1995,Sociedade Limitada
35213147806,SPUMA LAVA RAPIDO LTDA,SANTO ANDRE,6,1995,Sociedade Limitada
35213147814,EURONORT COMERCIO E REPRESENTACOES LTDA,SAO PAULO,6,1995,Sociedade Limitada
35213147822,ALLANA COMERCIO DE BIJUTERIAS LTDA,RIBEIRAO PRETO,6,1995,Sociedade Limitada
35213147831,WESTPAPER PAPELARIA E INFORMATICA LTDA,RIBEIRAO PRETO,6,1995,Sociedade Limitada
35213147849,ZINGARA COMERCIO DE ARTIGOS RELIGIOSOS E ESOTERICOS LTDA,SANTO ANDRE,6,1995,Sociedade Limitada
35213147857,PRODUZIR - COMERCIO E ASSISTENCIA RURAL LTDA.,MARILIA,6,1995,Sociedade Limitada
35213147865,AMES DISTRIBUIDORA DE CERAMICA ARTISTICA LTDA.,MARILIA,6,1995,Sociedade Limitada
35213147873,DROGARIA ROGEFARMA RIO PRETO LTDA.,SAO JOSE DO RIO PRETO,6,1995,Sociedade Limitada
35213147881,MADEIREIRA RIOPRETANA LTDA,SAO JOSE DO RIO PRETO,6,1995,Sociedade Limitada
35213147890,MERCOSUL TRANSPORTES LTDA,SAO JOSE DO RIO PRETO,6,1995,Sociedade Limitada
35213147903,LOPES & LOPES LTDA,SAO JOSE DO RIO PRETO,6,1995,Sociedade Limitada
35213147911,FORT-ASSESSORIA DE CREDITO; COBRANCA E REPRESENTACOES,SAO JOSE DO RIO PRETO,6,1995,Sociedade Limitada
35213147920,REPRESENTACOES SILVERIO TANABI LTDA,SAO JOSE DO RIO PRETO,6,1995,Sociedade Limitada
35213147938,JRC COMERCIO DE EMBALAGENS,DIADEMA,6,1995,Sociedade Limitada
35213147946,M.V.R. MOLDURAS LTDA.,SAO PAULO,6,1995,Sociedade Limitada
35213147954,PARO S LOCADORA DE VEICULOS LTDA,SAO PAULO,6,1995,Sociedade Limitada
35213147962,FOX CAR COMERCIO E INSTALACAO DE ACESSORIOS LTDA.,SAO PAULO,6,1995,Sociedade Limitada
35213147971,MERCADINHO PARQUE DO LIBANO LTDA.,SAO PAULO,6,1995,Sociedade Limitada
35213147989,"ELFER INDUSTRIA, SERVICO E COMERCIO LTDA",PINDAMONHANGABA,6,1995,Sociedade Limitada
35213147997,ELIANE ARABIA & CIA LTDA.,SALTO,6,1995,Sociedade Limitada
35213148004,MERCEARIA ZAION LTDA,SAO ROQUE,6,1995,Sociedade Limitada
35213148012,RICE - EMPREENDIMENTOS E PARTICIPACOES LTDA.,MOGI DAS CRUZES,6,1995,Sociedade Limitada
35213148021,AGRO-INDUSTRIAL LATICINIOS SANTA FE LTDA.,SANTA FE DO SUL,6,1995,Sociedade Limitada
35213148039,SONEL EDITORA LTDA.,SAO PAULO,6,1995,Sociedade Limitada
35213148047,SINTECH COMERCIO IMPORTACAO REPRESENTACAO E INTERMEDIACAO LTDA.,SAO PAULO,6,1995,Sociedade Limitada
35213148055,DANIGRAN PISOS DE ALTA RESISTENCIA LTDA,SAO PAULO,6,1995,Sociedade Limitada
35213148063,A ROMA - PRESENTES E PAPELARIA LTDA.,PIRACICABA,6,1995,Sociedade Limitada
35213148071,COMERCIO DE TELEFONES OURINHENSE LTDA - ME,OURINHOS,6,1995,Sociedade Limitada
35213148080,"TR S ARCANJOS SERVICOS DE APOIO AGRICULTURA, COMERCIO DE CEREAIS E TRANSPORTES LTDA",SAO MIGUEL ARCANJO,6,1995,Sociedade Limitada
35213148098,AGROPECUARIA E EMPREENDIMENTOS LPL LTDA.,SAO CARLOS,6,1995,Sociedade Limitada
35213148101,JOMARLI COMERCIO DE PESCADOS CONGELADOS LTDA.,SANTO ANDRE,6,1995,Sociedade Limitada
35213148110,ESCOLA DE EDUCACAO INFANTIL COM COMERCIO DE MATERIAL ESCOLAR LECRISTI LTDA.,CAMPINAS,6,1995,Sociedade Limitada
35213148128,MESSIAS TECNOLOGIA COMERCIO E REPRESENTACAO LTDA.,CAMPINAS,6,1995,Sociedade Limitada
35213148136,RESTAURANTE SOUZA E BONATO LTDA.,HORTOLANDIA,6,1995,Sociedade Limitada
35213148144,TRANS CANCIO TRANSPORTES EXECUTIVO LTDA.,CAMPINAS,6,1995,Sociedade Limitada
35213148152,C.R. BENATTI & CIA LTDA.,CAMPINAS,6,1995,Sociedade Limitada
35213148161,TECSIS COMERCIAL DE VIDROS E CRISTAIS LTDA.,CAMPINAS,6,1995,Sociedade Limitada
35213148179,ADATTO ASSESSORIA TECNICA EM VENDAS LTDA,SANTA BARBARA D'OESTE,6,1995,Sociedade Limitada
35213148187,S.Y.A. EXPRESS LTDA.,VALINHOS,6,1995,Sociedade Limitada
35213148195,PASTELARIA E LANCHONETE DE OURO REAL CAMPINAS LTDA.,CAMPINAS,6,1995,Sociedade Limitada
35213148209,ENSEP ENGENHARIA E COMERCIO LTDA.,CAMPINAS,6,1995,Sociedade Limitada
35213148217,BRUCAR AUTO PARTES LTDA.,SAO PAULO,6,1995,Sociedade Limitada
35213148225,TUFAO COMERCIO DE ARTIGOS PARA FLORICULTURA LTDA.,CAMPINAS,6,1995,Sociedade Limitada
35213148233,GLASS LESTE INDUSTRIA E COMERCIO DE VIDROS DE SEGURANCA LTDA,FERRAZ DE VASCONCELOS,6,1995,Sociedade Limitada
35213148241,REPRESENTACOES MACHADO & MACHADO LTDA.,SAO CARLOS,6,1995,Sociedade Limitada
35213148250,SERCONV - COMERCIO E SERVICOS LTDA,SAO JOSE DOS CAMPOS,6,1995,Sociedade Limitada
35213148268,"TECGEN COMERCIO,IMPORTACAO E EXPORTACAO LTDA.",SAO PAULO,6,1995,Sociedade Limitada
35213148276,ALFA STAR BAZAR LTDA.,SAO PAULO,6,1995,Sociedade Limitada
35213148284,PORTAL DA ESFIHA LTDA,CACAPAVA,6,1995,Sociedade Limitada
35213148292,GRAVES E VITA LTDA.,CARAGUATATUBA,6,1995,Sociedade Limitada
35213148306,J.R.INDUSTRIA E COMERCIO DE GELO DO GUARUJA LTDA.,GUARUJA,6,1995,Sociedade Limitada
35213148314,GALLIPOLI PRESENTES LTDA.,SAO PAULO,6,1995,Sociedade Limitada
35213148322,USICOPE USINAGEM E COMERCIO DE PECAS LTDA.,PIRACICABA,6,1995,Sociedade Limitada
35213148331,RIOS & PEDRASSA LTDA.,LUCELIA,6,1995,Sociedade Limitada
35213148349,FABRICA DE PRODUTOS ALIMENTICIOS IAI LTDA.,ADAMANTINA,6,1995,Sociedade Limitada
35213148357,NEW STAR - CARDOZO VIDEO LOCADORA E COMERCIO LTDA,SANTO ANDRE,6,1995,Sociedade Limitada
35213148365,MOSAICO INDUSTRIA E COMERCIO DE BLOCOS E MATERIAIS PARA CONSTRUCAO LTDA,CARAGUATATUBA,6,1995,Sociedade Limitada
35213148373,TRANSPORTADORA GOMES MIRANDA LTDA,OSASCO,6,1995,Sociedade Limitada
35213148381,RODOVIARIO BIG DOG LTDA.,SAO PAULO,6,1995,Sociedade Limitada
35213148390,AGRO MECANICA LUB LTDA.,BRAGANCA PAULISTA,6,1995,Sociedade Limitada
35213148403,RECANTO SEGURO MATERIAIS PARA CONSTRUCAO LTDA,COTIA,6,1995,Sociedade Limitada
35213148411,DRICA COMERCIO DE BEBEDOUROS LTDA,BARUERI,6,1995,Sociedade Limitada
35213148420,"HUDCAR - COMERCIO,SERVICOS DE VIDROS E ACESSORIOS LTDA",SAO BERNARDO DO CAMPO,6,1995,Sociedade Limitada
35213148438,BRAPOSE-BRASILIAN POWER SEGURANCA ESPECIAL LTDA.,SAO PAULO,6,1995,Sociedade Limitada
35213148446,PAULO MARRA E MACIDA JOACHIM PROMOTERS E ASSESSORES DE IMPRENSA LTDA,JUQUITIBA,6,1995,Sociedade Limitada
35213148454,SFERA COMERCIO DE ALIMENTOS LTDA.,SAO PAULO,6,1995,Sociedade Limitada
35213148462,GARRA E FORCA COMERCIO DE MODA LTDA.,SAO PAULO,6,1995,Sociedade Limitada
35213148471,FANTINI & FANTINI LTDA,MONTE ALTO,6,1995,Sociedade Limitada
35213148489,SILVA & VIEIRA COMERCIO DE ROUPAS EM GERAL LTDA,SAO ROQUE,6,1995,Sociedade Limitada
35213148497,EMBRACORES COMUNICACOES E SERVICOS LTDA.,CATANDUVA,6,1995,Sociedade Limitada
35213148501,SILVA E FERNANDES CONFECCOES LTDA,BURITAMA,6,1995,Sociedade Limitada
35213148519,TONINHO TEIXEIRA COMERCIO DE INSUMOS AGRICOLAS LTDA.,IBIUNA,6,1995,Sociedade Limitada
35213148527,SALES CONSULTORIA E COMERCIO DE PRODUTOS DE INFORMATICA LTDA.,ITATIBA,6,1995,Sociedade Limitada
35213148535,BAR E LANCHONETE SETE ESTRELA LTDA,MONGAGUA,6,1995,Sociedade Limitada
35213148543,BAR E LANCHES FLOR DO ITAOCA LTDA.,MONGAGUA,6,1995,Sociedade Limitada
35213148551,GRESSO COMERCIAL LTDA.,SAO PAULO,6,1995,Sociedade Limitada
35213148560,F.M.P. COMERCIO DE MATERIAS ESCOLAR E DE ESCRITORIO LTDA.,SAO PAULO,6,1995,Sociedade Limitada
35213148578,GOLFETTO & GOLFETO MIRANDOPOLIS LTDA,MIRANDOPOLIS,6,1995,Sociedade Limitada
35213148586,EMPORIO VILLA MAR COMERCIO DE PESCADOS LTDA.,GUARUJA,6,1995,Sociedade Limitada
35213148594,P.S. COMERCIO DE SEMI JOIAS LTDA.,BRAGANCA PAULISTA,6,1995,Sociedade Limitada
35213148608,PROMUDAS PRODUCAO DE MUDAS DE ALTA QUALIDADE LTDA.,PIRACICABA,6,1995,Sociedade Limitada
35213148616,FRANCO ALVES E NASCIMENTO LTDA.,SANTOS,6,1995,Sociedade Limitada
35213148624,CONFOR-TEC - INDUSTRIA E COMERCIO DE MOVEIS LTDA.,CAMPINAS,6,1995,Sociedade Limitada
35213148632,MALTA & CASTALDI ITATIBA LTDA.,ITATIBA,6,1995,Sociedade Limitada
35213148641,SIDERPLAST INDUSTRIA E COMERCIO LTDA.,CAMPINAS,6,1995,Sociedade Limitada
35213148659,CAPITAL REPRESENTACOES COMERCIAIS LTDA.,SAO PAULO,6,1995,Sociedade Limitada
35213148667,USUALPHARMA FARMACIA DE MANIPULACAO LTDA.,SAO PAULO,6,1995,Sociedade Limitada
35213148675,VIRGINIA DI MARCO SEMI JOIAS LTDA.,SAO PAULO,6,1995,Sociedade Limitada
35213148683,SPORTS NUTRITION TECNOLOGIA DE ALIMENTOS LTDA,RIO GRANDE DA SERRA,6,1995,Sociedade Limitada
35213148691,RAMALHETE PAISAGISMO E DECORACAO LTDA.,SAO PAULO,6,1995,Sociedade Limitada
35213148705,QUALISIGN COMUNICACAO VISUAL LTDA.,COTIA,6,1995,Sociedade Limitada
35213148713,SONO STAR COMERCIO DE COLCHOES LTDA.,SAO PAULO,6,1995,Sociedade Limitada
35213148721,SCOTCHLAND COMERCIO DE BEBIDAS E COMESTIVEIS LTDA,SAO PAULO,6,1995,Sociedade Limitada
35213148730,S G S BAZAR LTDA,PRAIA GRANDE,6,1995,Sociedade Limitada
35213148748,AGENCIA DE VIGILANCIA E SEGURANCA JACAREI LTDA.,JACAREI,6,1995,Sociedade Limitada
35213148756,"FLUXO ENGENHARIA, CONSULTORIA E COMERCIO LTDA",SAO JOSE DOS CAMPOS,6,1995,Sociedade Limitada
35213148764,JET TEC PROJETOS INDUSTRIAIS LTDA.,SAO JOSE DOS CAMPOS,6,1995,Sociedade Limitada
35213148772,CANYON INTERNACIONAL HOME VIDEO LTDA.,SANTANA DE PARNAIBA,6,1995,Sociedade Limitada
35213148781,FARMACIA ALQUIMIA DE PERUIBE LTDA.,PERUIBE,6,1995,Sociedade Limitada
35213148799,INSERT SERVICOS TEMPORARIOS LTDA,EMBU-GUACU,6,1995,Sociedade Limitada
35213148802,R. P. M. COMERCIO E REPRESENTACOES LTDA,SAO PAULO,6,1995,Sociedade Limitada
35213148811,J C S MATERIAIS DE CONSTRUCAO LTDA.,CAMPINAS,6,1995,Sociedade Limitada
35213148829,HABITO MODAS LTDA.,HORTOLANDIA,6,1995,Sociedade Limitada
35213148837,FABBRI & GONCALVES LTDA.,SUMARE,6,1995,Sociedade Limitada
35213148845,"JAMAL VEICULOS, COMERCIO E SERVICOS LTDA",CAMPINAS,6,1995,Sociedade Limitada
35213148853,ENGENHARIA DE CORTE EM CONCRETO ENGECORTE LTDA,TIETE,6,1995,Sociedade Limitada
35213148861,INDEPENDENTE SERRALHERIA E ESTRUTURA METALICA LTDA,FERNANDOPOLIS,6,1995,Sociedade Limitada
35213148870,OXTIG ESPACIAL - MECANICA INDUSTRIAL LTDA,SAO JOSE DOS CAMPOS,6,1995,Sociedade Limitada
35213148888,COMISSAEROS - PRODUTOS ALIMENTICIOS PARA AERONAVES LTDA,SAO JOSE DOS CAMPOS,6,1995,Sociedade Limitada
35213148896,MONATEX MODA INTIMA LTDA.,SAO JOSE DOS CAMPOS,6,1995,Sociedade Limitada
35213148900,TOSHIHIRO YOSHIDA & CIA LTDA.,SAO JOSE DOS CAMPOS,6,1995,Sociedade Limitada
35213148918,FALCAO COMERCIO DE LUBRIFICANTES LTDA.,SAO PAULO,6,1995,Sociedade Limitada
35213148926,BANCA CAMPOLONGO E SANTANA LTDA.,SAO PAULO,6,1995,Sociedade Limitada
35213148934,NAVE MODAS JOVENS LTDA.,SAO PAULO,6,1995,Sociedade Limitada
35213148942,BEAUTY CAR REPAROS AUTOMOTIVOS LTDA.,SAO PAULO,6,1995,Sociedade Limitada
35213148951,FATOR MATERIAIS DE CONSTRUCOES LTDA.,SAO PAULO,6,1995,Sociedade Limitada
35213148969,M P RECURSOS HUMANOS LTDA,SAO PAULO,6,1995,Sociedade Limitada
35213148977,HOT TIME VIDEO LOCADORA LTDA,PENAPOLIS,6,1995,Sociedade Limitada
35213148837,FABBRI & GONCALVES LTDA.,SUMARE,6,1995,Sociedade Limitada
35213148845,"JAMAL VEICULOS, COMERCIO E SERVICOS LTDA",CAMPINAS,6,1995,Sociedade Limitada
35213148853,ENGENHARIA DE CORTE EM CONCRETO ENGECORTE LTDA,TIETE,6,1995,Sociedade Limitada
35213148861,INDEPENDENTE SERRALHERIA E ESTRUTURA METALICA LTDA,FERNANDOPOLIS,6,1995,Sociedade Limitada
35213148870,OXTIG ESPACIAL - MECANICA INDUSTRIAL LTDA,SAO JOSE DOS CAMPOS,6,1995,Sociedade Limitada
35213148888,COMISSAEROS - PRODUTOS ALIMENTICIOS PARA AERONAVES LTDA,SAO JOSE DOS CAMPOS,6,1995,Sociedade Limitada
35213148896,MONATEX MODA INTIMA LTDA.,SAO JOSE DOS CAMPOS,6,1995,Sociedade Limitada
35213148900,TOSHIHIRO YOSHIDA & CIA LTDA.,SAO JOSE DOS CAMPOS,6,1995,Sociedade Limitada
35213148918,FALCAO COMERCIO DE LUBRIFICANTES LTDA.,SAO PAULO,6,1995,Sociedade Limitada
35213148926,BANCA CAMPOLONGO E SANTANA LTDA.,SAO PAULO,6,1995,Sociedade Limitada
35213148934,NAVE MODAS JOVENS LTDA.,SAO PAULO,6,1995,Sociedade Limitada
35213148942,BEAUTY CAR REPAROS AUTOMOTIVOS LTDA.,SAO PAULO,6,1995,Sociedade Limitada
35213148951,FATOR MATERIAIS DE CONSTRUCOES LTDA.,SAO PAULO,6,1995,Sociedade Limitada
35213148969,M P RECURSOS HUMANOS LTDA,SAO PAULO,6,1995,Sociedade Limitada
35213148977,HOT TIME VIDEO LOCADORA LTDA,PENAPOLIS,6,1995,Sociedade Limitada
35213149141,MACTEK CONFECCOES E COMERCIO LTDA.,DIADEMA,6,1995,Sociedade Limitada
35213149159,NISII - D.A. CONFECCOES LTDA,PRESIDENTE PRUDENTE,6,1995,Sociedade Limitada
35213149167,PONGELLUPPE PIZZARIA LTDA.,CARAPICUIBA,6,1995,Sociedade Limitada
35213149175,"CONEPLAST COMERCIAL, IMPORTADORA E EXPORTADORA LTDA",AMERICANA,6,1995,Sociedade Limitada
35213149183,GSG INSTALACAO E COMERCIO DE ALARMES LTDA,SAO PAULO,6,1995,Sociedade Limitada
35213149191,CAPRICORN INFORMATICA LTDA.,JUQUITIBA,6,1995,Sociedade Limitada
35213149205,DAM INFORMATICA LTDA,SAO PAULO,6,1995,Sociedade Limitada
35213149213,UNIPRENDE INDUSTRIA E COMERCIO LTDA,SAO PAULO,6,1995,Sociedade Limitada
35213149221,ESTIPE CONFECCOES LTDA,UBATUBA,6,1995,Sociedade Limitada
35213149230,"FAXIL IMPORTACAO ,EXPORTACAO E TRANSPORTES LTDA",CAMPINAS,6,1995,Sociedade Limitada
35213149248,BONFIM REPRESENTACOES LTDA,CARDOSO,6,1995,Sociedade Limitada
35213149256,QUEIJOS DE BUFALO MARILIA LTDA,MARILIA,6,1995,Sociedade Limitada
35213149264,RICUS COMERCIAL BOLSAS E ACESSORIOS LTDA,LORENA,6,1995,Sociedade Limitada
35213149272,AMBIPAR ENVIRONMENTAL SOLUTIONS SOLUCOES AMBIENTAIS LTDA,SAO PAULO,6,1995,Sociedade Limitada
35213149281,J. RAMOS TRANSPORTES LTDA.,IBATE,6,1995,Sociedade Limitada
35213149299,ARTE & LETRA EDITORA DE LIVROS E PERIODICOS LTDA,SAO PAULO,6,1995,Sociedade Limitada
35213149302,AIR SUPPORT SERVICOS DE APOIO AEROPORTUARIO LTDA,PILAR DO SUL,6,1995,Sociedade Limitada
35213149311,PONTARA E SANTOS COMERCIO DE PECAS E ACESSORIOS LTDA,SAO CAETANO DO SUL,6,1995,Sociedade Limitada
35213149329,VWC EQUIPAMENTOS DE INSTRUMENTACAO E COMERCIO LTDA,SANTO ANDRE,6,1995,Sociedade Limitada
35213149337,NEW LIFE CIRURGICA E COMERCIO LTDA,SAO PAULO,6,1995,Sociedade Limitada
35213149353,GRAMP TEC COMERCIO E REPRESENTACAO LTDA,SAO PAULO,6,1995,Sociedade Limitada
35213149361,TICABUM COMERCIO E INDUSTRIA DE CONFECCAO LTDA,SAO PAULO,6,1995,Sociedade Limitada
35213149370,HUMUS AGROTERRA LTDA,PITANGUEIRAS,6,1995,Sociedade Limitada
35213149388,TELELIVROS LIVRARIA ELETRONICA LTDA.,SAO PAULO,6,1995,Sociedade Limitada
35213149396,SANTO EXPEDITO CONSULTORIA EM ENTRETENIMENTO LTDA,SAO PAULO,6,1995,Sociedade Limitada
35213149400,LYONTOUR - VIAGENS E TURISMO LTDA,SAO PAULO,6,1995,Sociedade Limitada
35213149418,MERCADINHO ESTANISLAU LTDA.,SAO PAULO,6,1995,Sociedade Limitada
35213149426,GUSSON & SUMAN LTDA.,LINDOIA,6,1995,Sociedade Limitada
35213149434,G.R. MARTINS COMERCIO DE SUCATAS LTDA.,POA,6,1995,Sociedade Limitada
35213149442,BAURU CENTERCHAPAS - COMERCIO DE ACO E FERRO LTDA,BAURU,6,1995,Sociedade Limitada
35213149451,SUPER ACMC DE BAURU LTDA,BAURU,6,1995,Sociedade Limitada
35213149469,FREDERICO & ARRUDA LTDA.,CAMPO LIMPO PAULISTA,6,1995,Sociedade Limitada
35213149477,MIEKO TELEMARKETING E COMERCIO LTDA.,BAURU,6,1995,Sociedade Limitada
35213149485,AGROPECUARIA ESTANCIA MORADA DO SOL LTDA.,IEPE,6,1995,Sociedade Limitada
35213149493,COZINHA & SIMPATIA - COMERCIO DE ALIMENTOS LTDA.,SAO PAULO,6,1995,Sociedade Limitada
35213149507,A CHIROPITA - LANCHES LTDA.,SAO PAULO,6,1995,Sociedade Limitada
35213149515,BITETTI & MOLINA MASSAS FINAS LTDA,MOGI DAS CRUZES,6,1995,Sociedade Limitada
35213149523,SPCOM DISTRIBUIDORA DE COMBUSTIVEIS LTDA,SAO PAULO,6,1995,Sociedade Limitada
35213149531,EAGLE ENTERPRISES IMPORTACAO E COMERCIO LTDA,SAO PAULO,6,1995,Sociedade Limitada
35213149540,AVICOLA NICOLA LTDA.,SAO PAULO,6,1995,Sociedade Limitada
35213149558,BARJ RESTAURANT COMERCIO DE PRODUTOS ALIMENTICIOS LTDA.,SAO PAULO,6,1995,Sociedade Limitada
35213149566,RANS RESTAURANT COMERCIO DE PRODUTOS ALIMENTICIOS LTDA.,SAO PAULO,6,1995,Sociedade Limitada
35213149574,CHIT RESTAURANT COMERCIO DE PRODUTOS ALIMENTICIOS LTDA.,SAO PAULO,6,1995,Sociedade Limitada
35213149582,DJNA RESTAURANT - COMERCIO DE PRODUTOS ALIMENTICIOS LTDA.,SAO PAULO,6,1995,Sociedade Limitada
35213149591,SYLH RESTAURANTE COMERCIO DE PRODUTOS ALIMENTICIOS LTDA.,SAO PAULO,6,1995,Sociedade Limitada
35213149604,LOJA TUIUTI COMERCIO DE MOVEIS DE UTILIDADES DOMESTICAS LTDA,SAO PAULO,6,1995,Sociedade Limitada
35213149612,OBRAS MATERIAIS PARA CONSTRUCAO LTDA,SAO PAULO,6,1995,Sociedade Limitada
35213149621,ORCA COMERCIAL E IMPORTADORA DE PESCADOS LTDA.,SAO PAULO,6,1995,Sociedade Limitada
35213149639,TUT LOCADORA DE VIDEO E GAMES LTDA.,SANTO ANDRE,6,1995,Sociedade Limitada
35213149647,AVICULTURA REI DA BELGICA LTDA,SAO PAULO,6,1995,Sociedade Limitada
35213149655,CREMASCO & MESQUITA LTDA.,SAO CARLOS,6,1995,Sociedade Limitada
35213149663,DBMS PROCESSAMENTO DE DADOS LTDA,SAO CARLOS,6,1995,Sociedade Limitada
35213149671,GEPLAC COMERCIO DE MADEIRAS E FERRAGENS LTDA,SAO PAULO,6,1995,Sociedade Limitada
35213149680,BAR E LANCHONETE VILA DIRCE LTDA.,CARAPICUIBA,6,1995,Sociedade Limitada
35213149698,BAR E LANCHONETE DA JORGINA LTDA,PRAIA GRANDE,6,1995,Sociedade Limitada
35213149701,RUNNER - INFORMATICA E TREINAMENTO LTDA.,RIBEIRAO PIRES,6,1995,Sociedade Limitada
35213149710,MIRAMAR - COMERCIO E DISTRIBUIDORA DE AGUA LTDA.,RIBEIRAO PIRES,6,1995,Sociedade Limitada
35213149728,MECANICA BELONI DE MOTORES LTDA,SAO PAULO,6,1995,Sociedade Limitada
35213149736,POR DO SOL-EMBARCACOES TURISMOS E LAZER LTDA.,PRAIA GRANDE,6,1995,Sociedade Limitada
35213149744,FREELINE COMERCIO DE PRODUTOS ELETRONICOS LTDA,SAO PAULO,6,1995,Sociedade Limitada
35213149752,TAKE 5 VIDEO-MIDIA LTDA.,SAO PAULO,6,1995,Sociedade Limitada
35213149761,DUKA'S VIDEO LOCADORA LTDA.,SAO PAULO,6,1995,Sociedade Limitada
35213149779,"FINE THINGS - IMPORT REPRESENTACOES, COMERCIO, IMPORTACAO E EXPORTACAO LTDA.",SANTO ANDRE,6,1995,Sociedade Limitada
35213149787,ARRUDA & MARINI LTDA,SALTO,6,1995,Sociedade Limitada
35213149795,PROTIN-FAG LTDA.,ITAPECERICA DA SERRA,6,1995,Sociedade Limitada
35213149809,IRMAOS HOLANDA COMERCIO DE CALCADOS LTDA.,SAO PAULO,6,1995,Sociedade Limitada
35213149817,MAXTEC TELECOMUNICACOES LTDA.,TABOAO DA SERRA,6,1995,Sociedade Limitada
35213149825,R.S.MOVEIS E DECORACOES LTDA.,TABOAO DA SERRA,6,1995,Sociedade Limitada
35213149833,W.M.R.LANCHONETE LTDA.,SAO PAULO,6,1995,Sociedade Limitada
35213149841,SOUSA & CASELATO COMERCIO E CONFECCOES LTDA.,SAO JOSE DOS CAMPOS,6,1995,Sociedade Limitada
35213149850,FAENCO FAKIANI CONSTRUCOES LTDA.,SAO PAULO,6,1995,Sociedade Limitada
35213149868,W.N. MOTO EXPRESS LTDA.,CAMPINAS,6,1995,Sociedade Limitada
35213149876,"COVAZA COMERCIO, IMPRESSAO E REPRESENTACAO DE ETIQUETAS LTDA",SAO PAULO,6,1995,Sociedade Limitada
35213149884,ZM - COMERCIO DE ELETRO-ELETRONICOS LTDA.,SANTOS,6,1995,Sociedade Limitada
35213149892,COMERCIO DE OLEOS LUBRIFICANTES FORT PETRO LTDA,SAO PAULO,6,1995,Sociedade Limitada
35213149906,HERMELINO POSTO DE SERVICOS LTDA.,SAO PAULO,6,1995,Sociedade Limitada
35213149914,ELTON DE JESUS PINTO LTDA.,CAPIVARI,6,1995,Sociedade Limitada
35213149922,NICO'S BOMBONIERE LTDA,SAO PAULO,6,1995,Sociedade Limitada
35213149931,KHORIOS DISTRIBUIDORA DE VEICULOS LTDA,SAO PAULO,6,1995,Sociedade Limitada
35213149949,MARCAMP MATERIAL DE CONSTRUCAO LTDA,PRAIA GRANDE,6,1995,Sociedade Limitada
35213149957,TRANSLIDER - TRANSPORTADORA TURISTICA LTDA.,MONGAGUA,6,1995,Sociedade Limitada
35213149965,PANIFICADORA E MINI MERCADO PIRAMIDE LTDA.,PRAIA GRANDE,6,1995,Sociedade Limitada
35213149973,GGR FASHION CONFECCOES LTDA,SAO PAULO,6,1995,Sociedade Limitada
35213149981,PISCIS AQUICULTURA RACIONAL LTDA.,ITU,6,1995,Sociedade Limitada
35213149990,H.C.R. - COMERCIO DE ALIMENTOS LTDA.,SAO PAULO,6,1995,Sociedade Limitada
35213150009,ENTREGADORA G. J. B. LTDA.,SAO PAULO,6,1995,Sociedade Limitada
35213150017,BAR E MERCEARIA PEREIRA & SILVA LTDA.,SUMARE,6,1995,Sociedade Limitada
35213150025,W. R. CONFECCOES LTDA.,ITAPECERICA DA SERRA,6,1995,Sociedade Limitada
35213150033,RODRIGUES & SILVA LTDA.,SAO CARLOS,6,1995,Sociedade Limitada
35213150041,CABOVAS INDUSTRIA E COMERCIO LTDA.,SAO CARLOS,6,1995,Sociedade Limitada
35213150050,TRES PODERES MADEIREIRA E COMERCIO DE MATERIAIS PARA CONSTRUCAO LTDA.,SAO CARLOS,6,1995,Sociedade Limitada
35213150068,D.M.C. BAZAR E ARMARINHOS LTDA.,SAO PAULO,6,1995,Sociedade Limitada
35213150076,DELANHEZE - TRANSPORTES RODOVIARIOS DE CARGAS LTDA.,RIBEIRAO PRETO,6,1995,Sociedade Limitada
35213150084,CONAD IMPORTACAO E EXPORTACAO LTDA.,SAO PAULO,6,1995,Sociedade Limitada
35213150092,BIOS-BAR E SORVETES LTDA.,CUBATAO,6,1995,Sociedade Limitada
35213150106,STAR HOME VIDEO LOCADORA LTDA.,SANTO ANDRE,6,1995,Sociedade Limitada
35213150114,T.O.M. MOVEIS E DECORACOES LTDA.,SAO PAULO,6,1995,Sociedade Limitada
35213150122,F. DA SILVA REPRESENTACOES COMERCIAS LTDA.,SAO JOSE DO RIO PRETO,6,1995,Sociedade Limitada
35213150131,BAR E MERCEARIA CRISTAL CATANDUVA LTDA.,CATANDUVA,6,1995,Sociedade Limitada
35213150149,MILTINHO BAR E MERCEARIA LTDA,SAO JOSE DOS CAMPOS,6,1995,Sociedade Limitada
35213150157,BBC CONSULTORIA E GESTAO EMPRESARIAL LTDA,SAO PAULO,6,1995,Sociedade Limitada
35213150165,"MORAES, COSTA E LIMA - MATERIAIS DE LIMPEZA LTDA.",SANTOS,6,1995,Sociedade Limitada
35213150173,FISCON LIMEIRA ASSESSORIA LTDA,LIMEIRA,6,1995,Sociedade Limitada
35213150181,PUBLICUM COMUNICACOES E COMERCIO LTDA,SAO PAULO,6,1995,Sociedade Limitada
35213150190,BELCHIOR & CIA. LTDA.,+SANTA BARBARA D´OESTE,6,1995,Sociedade Limitada
35213150203,PAPER GRAFICA EXPRESSA DE SAO PAULO LTDA.,SAO PAULO,6,1995,Sociedade Limitada
35213150211,CONRADO & SANTOS COMERCIO E DISTRIBUIDORA DE MATERIAIS PARA CONSTRUCAO LTDA.,HORTOLANDIA,6,1995,Sociedade Limitada
35213150220,SCALICE REPRESENTACOES LTDA.,SAO JOSE DO RIO PRETO,6,1995,Sociedade Limitada
35213150238,PANIFICADORA BONETI & BONETE LTDA,SUMARE,6,1995,Sociedade Limitada
35213150246,STYLE DISCOS LTDA,SAO PAULO,6,1995,Sociedade Limitada
35213150254,LUMOG COMERCIO DE MAQUINAS E REPRESENTACOES LTDA,SAO PAULO,6,1995,Sociedade Limitada
35213150262,YOUR SIZE CONFECCOES E COMERCIO LTDA,SAO PAULO,6,1995,Sociedade Limitada
35213150271,D.N.V. RESTAURANTES INDUSTRIAIS LTDA,SAO PAULO,6,1995,Sociedade Limitada
35213150289,D A DUARTE ASSESSORIA EMPRESARIAL LTDA,SAO PAULO,6,1995,Sociedade Limitada
35213150297,VIDROS E CRISTAIS ANDALUZ LTDA.,AGUAS DE SANTA BARBARA,6,1995,Sociedade Limitada
35213150301,C P B COMERCIO DE MATERIAIS DE CONSTRUCAO LTDA,BARRA BONITA,6,1995,Sociedade Limitada
35213150327,STERIFARMA PRODUTOS CIRURGICOS LTDA,GUARULHOS,6,1995,Sociedade Limitada
35213150335,ARTES GRAFICAS MADRID LTDA.,SAO PAULO,6,1995,Sociedade Limitada
35213150343,ELI-RO CONFECCOES LTDA,ITAJOBI,6,1995,Sociedade Limitada
35213150351,UTI-LIMA COMERCIO DE UTILIDADES EM GERAL LTDA.,JUNDIAI,6,1995,Sociedade Limitada
35213150360,BARBIERO & SILVA COMERCIO E INDUSTRIA LTDA,LEME,6,1995,Sociedade Limitada
35213150378,IMPULCETTO - LEME MATERIAL DE CONSTRUCAO LTDA.,LEME,6,1995,Sociedade Limitada
35213150386,C.G.B. COMERCIO E LOCACAO DE FILMES LTDA.,SAO PAULO,6,1995,Sociedade Limitada
35213150394,LUSTRES JURUCE LTDA,SAO PAULO,6,1995,Sociedade Limitada
35213150408,TELEFORMA INDUSTRIA DE BENEFICIAMENTO DE MADEIRA LTDA.,VARGEM GRANDE PAULISTA,6,1995,Sociedade Limitada
35213150416,POWER PRAISE CORRETAGENS DE SEGURO DE VIDA LTDA.,SAO PAULO,6,1995,Sociedade Limitada
35213150424,LCV LIMPEZA E CONSERVACAO DE VEICULOS LTDA.,SAO PAULO,6,1995,Sociedade Limitada
35213150432,MERCEARIA JOSE VITORIO LTDA.,COSMOPOLIS,6,1995,Sociedade Limitada
35213150441,SANTOS PEREIRA & MIRANDA LTDA,JABOTICABAL,6,1995,Sociedade Limitada
35213150459,BELARTE COMERCIAL LTDA.,JUNDIAI,6,1995,Sociedade Limitada
35213150467,TECFER FERRAMENTARIA TECNICA LTDA.,SAO PAULO,6,1995,Sociedade Limitada
35213150475,PAES E DOCES BELA-MAR LTDA.,SAO PAULO,6,1995,Sociedade Limitada
35213150483,DAHORA - COMERCIO DE RELOGIOS E PRESENTES LTDA.,BARRA BONITA,6,1995,Sociedade Limitada
35213150491,ASSANHADA CONFECCOES E TECIDOS LTDA,SAO JOSE DOS CAMPOS,6,1995,Sociedade Limitada
35213150505,VIRUS CONFECCOES E COMERCIO LTDA.,SAO PAULO,6,1995,Sociedade Limitada
35213150513,RAMPONI & CIA LTDA.,MOGI-MIRIM,6,1995,Sociedade Limitada
35213150530,MD VET SUPRIMENTOS AGROPECUARIOS LTDA.,SAO PAULO,6,1995,Sociedade Limitada
35213150548,M & R COMERCIO DE ALIMENTOS LTDA.,SAO PAULO,6,1995,Sociedade Limitada
35213150556,PANIFICADORA MOURA GUARA LTDA.,GUARA,6,1995,Sociedade Limitada
35213150564,MIL FORMAS INSTALACOES COMERCIAIS LTDA.,SAO PAULO,6,1995,Sociedade Limitada
35213150572,PROMEL-DEISTRIBUIDORAA DE MEL E DERIVADOS EM GERAL LTDA.,GUARULHOS,6,1995,Sociedade Limitada
35213150581,HORRAIA - COMERCIO DE MATERIAIS PARA CONSTRUCAO LTDA.,SAO PAULO,6,1995,Sociedade Limitada
35213150599,NOVOS TEMPOS EQUIPAMENTOS E SISTEMAS DE SEGURANCA LTDA.,SAO PAULO,6,1995,Sociedade Limitada
35213150602,JUMBO DISTRIBUIDORA DE OVOS LTDA.,SAO PAULO,6,1995,Sociedade Limitada
35213150611,EDITORA LENHAVERDE LTDA.,SAO PAULO,6,1995,Sociedade Limitada
35213150629,CLYON SERRALHERIA ARTISTICA LTDA.,MONGAGUA,6,1995,Sociedade Limitada
35213150637,GLOJEC PRODUTOS DE LIMPEZA LTDA.,SAO PAULO,6,1995,Sociedade Limitada
35213150653,DBS ENGENHARIA LTDA,SAO PAULO,6,1995,Sociedade Limitada
35213150661,FIALDINI E SOUZA FACTORING - FOMENTO COMERCIAL LTDA,SAO PAULO,6,1995,Sociedade Limitada
35213150670,"LOCARALPHA LOCADORA DE VEICULOS LTDA. ""INABILITADA PARA EXERCER ATIVIDADE EMPRESARIAL""",SAO PAULO,6,1995,Sociedade Limitada
35213150688,MERCEARIA ROBERSU LTDA,SAO PAULO,6,1995,Sociedade Limitada
35213150696,TELENEW SYSTEM'S DO BRASIL LTDA.,SAO PAULO,6,1995,Sociedade Limitada
35213150700,CENTRAL DIESEL AUTOMOTIVO LTDA,SAO PAULO,6,1995,Sociedade Limitada
35213150718,RBC SERVICOS DE COBRANCAS LTDA,SAO PAULO,6,1995,Sociedade Limitada
35213150726,VIMILA COMERCIO DE ROUPAS LTDA.,SAO PAULO,6,1995,Sociedade Limitada
35213150734,PASTICCERIA - PASTEIS LTDA.,BAURU,6,1995,Sociedade Limitada
35213150742,KOTIECA EQUIPAENTOS E INSTALACOES LTDA.,SAO PAULO,6,1995,Sociedade Limitada
35213150751,SCHWARTZ SOLUTIONS INFORMATICA LTDA.,SAO PAULO,6,1995,Sociedade Limitada
35213150769,"ABATEC COMERCIO, ASSISTENCIA TECNICA LTDA.",SAO PAULO,6,1995,Sociedade Limitada
35213150777,VIGARANI REPRESENTACOES LTDA,SAO PAULO,6,1995,Sociedade Limitada
35213150785,GRAN MEZA ASSOCIADOS LTDA.,SAO PAULO,6,1995,Sociedade Limitada
35213150793,SURBRA LTDA.,SAO PAULO,6,1995,Sociedade Limitada
35213150807,MERCEARIA E AVICOLA SAO COSME DAMIAO EDOUM LTDA.,SAO PAULO,6,1995,Sociedade Limitada
35213150815,EXCEL DATA LTDA,SANTOS,6,1995,Sociedade Limitada
35213150823,PRIMETAL COMERCIO E REPRESENTACAO LTDA.,CAJAMAR,6,1995,Sociedade Limitada
35213150831,ISAC & GALATTI REPRESENTACOES LTDA,BOA ESPERANCA DO SUL,6,1995,Sociedade Limitada
35213150840,NILTON DINIS REPRESENTACOES LTDA,LEME,6,1995,Sociedade Limitada
35213150858,METAL FALZOLI INDUSTRIA E COMERCIO LTDA,AMERICANA,6,1995,Sociedade Limitada
35213150866,STYLUS COMERCIO E SERVICOS DE INFORMATICA LTDA,GUARULHOS,6,1995,Sociedade Limitada
35213150874,TAKAFRIO COMERCIO E SERVICOS DE ISOLANTES TERMICOS LTDA,SAO PAULO,6,1995,Sociedade Limitada
35213150882,HEADROM INFORMATICA LTDA.,SAO PAULO,6,1995,Sociedade Limitada
35213150891,SERRALHERIA DIAS AMARAL LTDA.,ITAPECERICA DA SERRA,6,1995,Sociedade Limitada
35213150904,VASQUES INFORMATICA LTDA.,SOROCABA,6,1995,Sociedade Limitada
35213150912,HOT-SKAY COMERCIO DE CONFECCOES E CALCADOS LTDA.,CAMPINAS,6,1995,Sociedade Limitada
35213150921,J.M. COMERCIO DE FERRAGENS E JATEAMENTO DE GUAICARA LTDA,GUAICARA,6,1995,Sociedade Limitada
35213150939,H.P.W.T. COMERCIAL LTDA.,SANTO ANDRE,6,1995,Sociedade Limitada
35213150947,K. T. S. COMERCIO E REPRESENTACOES LTDA,SANTO ANTONIO DE POSSE,6,1995,Sociedade Limitada
35213150955,"AJB - FUNILARIA, PINTURA E MECANICA LTDA.",SAO PAULO,6,1995,Sociedade Limitada
35213150963,USEPLASTIC COMERCIO DE EMBALAGEM E ETIQUETAS LTDA,SAO PAULO,6,1995,Sociedade Limitada
35213150971,AUTO MECANICA LINENSE LTDA,LINS,6,1995,Sociedade Limitada
35213150980,BARCOS MOGI MIRIM INDUSTRIA E COMERCIO LTDA,MOGI-GUACU,6,1995,Sociedade Limitada
35213150998,V. F. DE ANDRADE & CIA LTDA,MOGI-MIRIM,6,1995,Sociedade Limitada
35213151005,TAVARES & RODRIGUES LTDA.,MOGI MIRIM,6,1995,Sociedade Limitada
35213151013,ATECNO COMERCIAL LTDA.,SAO PAULO,6,1995,Sociedade Limitada
35213151021,H. N. R. INDUSTRIA E COMERCIO REPRESENTACOES LTDA.,MAIRINQUE,6,1995,Sociedade Limitada
35213151030,DELTA VIDEO DE LINS LTDA,LINS,6,1995,Sociedade Limitada
35213151048,NOVA MECANICA HERCULES DE LINS LTDA,LINS,6,1995,Sociedade Limitada
35213151056,AMERICAN FITNESS EDITORA LTDA.,SAO PAULO,6,1995,Sociedade Limitada
35213151064,URGFARMA COMERCIO DE MATERIAIS MEDICO HOSPITALARES LTDA,SAO PAULO,6,1995,Sociedade Limitada
35213151072,MERCADINHO FLOR DA NATUREZA AGJ LTDA,SAO PAULO,6,1995,Sociedade Limitada
35213151081,CENTER CAMBUCI FERRAGENS LTDA,SAO PAULO,6,1995,Sociedade Limitada
35213151099,RIGOFER COMERCIO DE METAIS E APARAS DE PAPEL LTDA.,SAO PAULO,6,1995,Sociedade Limitada
35213151111,BENOSSI E LOPES - INDUSTRIA E COMERCIO DE TORREFACAO DE CAFE LTDA.,PINHALZINHO,6,1995,Sociedade Limitada
35213151129,POLICRED - SERVICOS DE COBRANCA E COMERCIO LTDA,JUQUITIBA,6,1995,Sociedade Limitada
35213151137,CIVITANOVA FOMENTO COMERCIAL LTDA,SAO PAULO,6,1995,Sociedade Limitada
35213151145,DARO ELETRICA HIDRAULICA COMERCIO E SERVICOS LTDA,SAO PAULO,6,1995,Sociedade Limitada
35213151153,FORMIFLEX MODELACAO PARA PRODUTOS EM FIBRA LTDA,VARZEA PAULISTA,6,1995,Sociedade Limitada
35213151161,Y. A. MACIEL SQUARIZI & CIA LTDA,CAMPINAS,6,1995,Sociedade Limitada
35213151170,RECANTO'S BAR E COMERCIO LTDA,SAO PAULO,6,1995,Sociedade Limitada
35213151188,CAZOTTI - MATERIAIS DE CONSTRUCAO E FERRAGENS LTDA.,SERRA NEGRA,6,1995,Sociedade Limitada
35213151196,HAIR NUTRI DISTRIBUIDORA DE COSMETICOS LIMITDA,SAO PAULO,6,1995,Sociedade Limitada
35213151200,MASSARICO & CABRAL LTDA.,ITAPETININGA,6,1995,Sociedade Limitada
35213151218,QUEFIRA TRANSPORTADORA LTDA.,GUARULHOS,6,1995,Sociedade Limitada
35213151226,SAITO-CAR OFICINA MECANICA LTDA.,SAO PAULO,6,1995,Sociedade Limitada
35213151234,MERCADINHO HADAMA LTDA.,SAO PAULO,6,1995,Sociedade Limitada
35213151242,JLP - ENTRETENIMENTOS LTDA.,SAO PAULO,6,1995,Sociedade Limitada
35213151251,OPUS CLUB DE AMERICANA LTDA.,AMERICANA,6,1995,Sociedade Limitada
35213151269,ANHANGUERA PRODUTOS DE LIMPEZA LTDA,NOVA ODESSA,6,1995,Sociedade Limitada
35213151277,BAZAR E PAPELARIA FANTINI LTDA.,SAO PAULO,6,1995,Sociedade Limitada
35213151285,UNIVERSAL INCORPORADORA LTDA.,BARUERI,6,1995,Sociedade Limitada
35213151293,CHIAPPINI'S BAR LTDA.,LIMEIRA,6,1995,Sociedade Limitada
35213151307,CENTRO COMERCIAL AQUATICO DE LIMEIRA LTDA.,LIMEIRA,6,1995,Sociedade Limitada
35213151315,GIRAL TRANSPORTE E SERVICOS LTDA,CAMPINAS,6,1995,Sociedade Limitada
35213151323,JOIA - COMERCIO DE AVES LTDA.,INDAIATUBA,6,1995,Sociedade Limitada
35213151331,J.J. YAMAMOTO AGRICULTURA E COMERCIO LTDA.,TATUI,6,1995,Sociedade Limitada
35213151340,COMERCIAL DE VIDROS MORENO LTDA.,SAO PAULO,6,1995,Sociedade Limitada
35213151358,BOMBONIERE NIPPON LTDA.,SAO PAULO,6,1995,Sociedade Limitada
35213151366,CRISMAR AUTO MECANICA LTDA.,GARCA,6,1995,Sociedade Limitada
35213151374,MERCADO FREIRE LTDA.,GUARULHOS,6,1995,Sociedade Limitada
35213151382,ART LABEL AUTOMACAO COMERCIAL LTDA.,SAO PAULO,6,1995,Sociedade Limitada
35213151391,FLECHA'S BAR E RESTAURANTE LTDA,SAO PAULO,6,1995,Sociedade Limitada
35213151404,BRANDAO ARMARINHOS E BIJOUTERIAS LTDA,SAO PAULO,6,1995,Sociedade Limitada
35213151412,MATALTEC UNIAO FERRAMENTARIA E USINAGEM DE PRECISAO LTDA,SAO PAULO,6,1995,Sociedade Limitada
35213151421,"MEDLEY ASSESSORIA, CONSULTORIA E COMERCIO LTDA.",SAO BERNARDO DO CAMPO,6,1995,Sociedade Limitada
35213151439,NOVA CLASSIC-FUNILARIA E PINTURA LTDA.,BRAGANCA PAULISTA,6,1995,Sociedade Limitada
35213151447,SUPRIAGUA COMERCIAL LTDA.,SAO PAULO,6,1995,Sociedade Limitada
35213151455,MERCEARIA E ACOUGUE JORICA LTDA.,SAO PAULO,6,1995,Sociedade Limitada
35213151463,ARTIKA COMERCIO E INDUSTRIA DE ARTEFATOS DE ESPUMA SINTETICA LTDA,SAO PAULO,6,1995,Sociedade Limitada
35213151471,"ORGANIZACAO RALF - COMERCIO, REPRESENTACAO, EVENTOS E PROMOCOES LTDA.",SAO PAULO,6,1995,Sociedade Limitada
35213151480,PIZZARIA FLASH SANTISTA LTDA.,SAO VICENTE,6,1995,Sociedade Limitada
35213151498,CASA DE FRIOS E LATICINIOS RODRIGO LTDA.,SAO PAULO,6,1995,Sociedade Limitada
35213151501,TOVITEX INDUSTRIA E COMERCIO LTDA.,SAO PAULO,6,1995,Sociedade Limitada
35213151510,SNICKER COMERCIO DE CALCADOS LTDA,RIBEIRAO PRETO,6,1995,Sociedade Limitada
35213151528,DAMIGAS DEPOSITO DE GAS LTDA.,SAO PAULO,6,1995,Sociedade Limitada
35213151536,JOTAQUATRO AUTO PECAS LTDA.,SAO PAULO,6,1995,Sociedade Limitada
35213151544,MULT FLIGHT - COMERCIO DE ROUPAS E ACESSORIOS LTDA,BARUERI,6,1995,Sociedade Limitada
35213151552,MARMITEX CIDADE NOVA ITU LTDA.,ITU,6,1995,Sociedade Limitada
35213151561,C.J. COMERCIO LTDA.,SAO PAULO,6,1995,Sociedade Limitada
35213151579,UNI WORLD IMPORTACAO E EXPORTACAO LTDA.,SAO PAULO,6,1995,Sociedade Limitada
35213151587,ABC PARK ADMINISTRACAO & PROMOCAO DE EVENTOS LTDA.,SAO BERNARDO DO CAMPO,6,1995,Sociedade Limitada
35213151595,SHOPP GEA COMERCIO E CABELEIREIRO LTDA.,SAO PAULO,6,1995,Sociedade Limitada
35213151617,ELETRONICA RUNNER LTDA.,SUZANO,6,1995,Sociedade Limitada
35213151625,SALOMAO REI DOS UTENCILIOS HOTELEIROS LTDA,GUARULHOS,6,1995,Sociedade Limitada
35213151633,J.R. MOVEIS E ARTEZANATOS LTDA,SAO PAULO,6,1995,Sociedade Limitada
35213151641,BAR E LANCHES PICOS DO PIAUI LTDA,SAO PAULO,6,1995,Sociedade Limitada
35213151650,SISTELETRIC INDUSTRIA E COMERCIO LTDA.,SAO PAULO,6,1995,Sociedade Limitada
35213151668,AUKIMIA PET SHOP LTDA.,SAO PAULO,6,1995,Sociedade Limitada
35213151676,AGROPECUARIA BEIRA-RIO LTDA.,CASTILHO,6,1995,Sociedade Limitada
35213151684,T.C.A. TRANSPORTE RODOVIARIO LTDA.,SAO PAULO,6,1995,Sociedade Limitada
35213151692,SERV TEC COMERCIO E ASSISTENCIA TECNICA EM AR CONDICIONADO LTDA.,SAO PAULO,6,1995,Sociedade Limitada
35213151706,HOME SOLUTIONS COMERCIO E SERVICOS LTDA.,SAO PAULO,6,1995,Sociedade Limitada
35213151714,WEC CONFINAMENTOS DE BOVINOS LTDA.,CASTILHO,6,1995,Sociedade Limitada
35213151722,DROGARIA VISA LTDA.,SAO PAULO,6,1995,Sociedade Limitada
35213151731,ARIJIAN & SCODELER LTDA.,ARARAQUARA,6,1995,Sociedade Limitada
35213151749,FERNANDES OTICA DE PRECISAO LTDA.,SAO CAETANO DO SUL,6,1995,Sociedade Limitada
35213151757,DRESSY RIGOR CONFECCOES LTDA,SAO PAULO,6,1995,Sociedade Limitada
35213151765,JORTEC - GRAFICA E EDITORA LTDA,PRAIA GRANDE,6,1995,Sociedade Limitada
35213151773,TOP QUALITY TRANSPORTES E TURISMO LTDA,SAO PAULO,6,1995,Sociedade Limitada
35213151781,TOMATEC AGRO COMERCIAL LTDA,CAMPINAS,6,1995,Sociedade Limitada
35213151790,MAIL SERVICES COMERCIAL LTDA.,SAO PAULO,6,1995,Sociedade Limitada
35213151803,MAG ELETRICA BRASILEIRA LTDA,SAO PAULO,6,1995,Sociedade Limitada
35213151811,JAPAN BOX COMERCIO DE ALIMENTOS LTDA,SAO PAULO,6,1995,Sociedade Limitada
35213151820,EDITORA ADRIMAR LTDA,ILHA COMPRIDA,6,1995,Sociedade Limitada
35213151838,VITORELI & RAMOS LTDA,ASSIS,6,1995,Sociedade Limitada
35213151846,M BRASIL JUNIOR LTDA,SAO PAULO,6,1995,Sociedade Limitada
35213151854,TECIX CONFECCOES LTDA,UBATUBA,6,1995,Sociedade Limitada
35213151862,M N S EMPORIUM SANTA FELICIDADE DEMARCHI BABOO MIX MARKETING COMERCIAL LTDA,SAO BERNARDO DO CAMPO,6,1995,Sociedade Limitada
35213151871,BOLSAS E CINTOS ESTEVAO LTDA.,MIRANDOPOLIS,6,1995,Sociedade Limitada
35213151889,CENTER CARNES REI DA VILA LTDA,MAUA,6,1995,Sociedade Limitada
35213151897,ROSAGAS COMERCIO DE GAS E AGUA LTDA. ME.,SANTO ANDRE,6,1995,Sociedade Limitada
35213151901,INDUSTRIA E COMERCIO DE CORTINAS NOVIDADES HELENA LTDA,SAO PAULO,6,1995,Sociedade Limitada
35213151919,F B CAMARGO & CIA. LTDA.,JAGUARIUNA,6,1995,Sociedade Limitada
35213151927,CLAUMAQ COMERCIO DE MAQUINAS DE COSTURA DOMESTICAS E INDUSTRIAIS LTDA,BIRIGUI,6,1995,Sociedade Limitada
35213151935,CASA DE FRIOS SAO LUCAS LTDA-ME,SAO CARLOS,6,1995,Sociedade Limitada
35213151943,HEDU AUTO CENTER LTDA,ARARAQUARA,6,1995,Sociedade Limitada
35213151951,MARCO ANTONIO BAVARESCO - REPRESENTACAO COMERCIAL LTDA,MARILIA,6,1995,Sociedade Limitada
35213151960,"KAMPAI CONSTRUTORA, INCORPORADORA E IMOBILIARIA LTDA",PIRACICABA,6,1995,Sociedade Limitada
35213151978,CORREA & OLIVEIRA COMERCIO DE ARTIGOS OPTICOS LTDA.,PIRACICABA,6,1995,Sociedade Limitada
35213151986,AGUATECMINAS - POCOS ARTESIANOS LTDA,PIRACICABA,6,1995,Sociedade Limitada
35213151994,CIRURGICA R. S. BAURU LTDA,BAURU,6,1995,Sociedade Limitada
35213152001,MELIOR COMUNICACAO INTEGRADA LTDA,SAO PAULO,6,1995,Sociedade Limitada
35213152010,CASA DE CARNES FRANCO LTDA,MARILIA,6,1995,Sociedade Limitada
35213152028,MOTEL FAZENDA DE ASSIS LTDA,ASSIS,6,1995,Sociedade Limitada
35213152036,BIOGEN COMERCIO E REPRESENTACAO AGROPECUARIA LTDA.,MARILIA,6,1995,Sociedade Limitada
35213152044,J.N. INDUSTRIA E COMERCIO DE PECAS E ACESSORIOS PARA BICICLETA LTDA.,MARILIA,6,1995,Sociedade Limitada
35213152052,MMV REPRESENTACAO COMERCIAL LTDA,MARILIA,6,1995,Sociedade Limitada
35213152061,EMPORIO PAESANO LTDA.,SAO PAULO,6,1995,Sociedade Limitada
35213152079,OTICAS AGUAS CRISTALINAS LTDA,SANTO ANDRE,6,1995,Sociedade Limitada
35213152087,POLY - ROLL COMERCIO E REPRESENTACAO LTDA.,SAO PAULO,6,1995,Sociedade Limitada
35213152095,C 3 ARTE IMPRENSA E PROPAGANDA LTDA,SAO BERNARDO DO CAMPO,6,1995,Sociedade Limitada
35213152109,AVICOLA E PEIXARIA MAMI & SANTOS LTDA,GUARULHOS,6,1995,Sociedade Limitada
35213152117,JWP CONSTRUCOES LTDA,SAO PAULO,6,1995,Sociedade Limitada
35213152125,ADAILDES & ISABEL COMERCIAL LTDA.,SAO PAULO,6,1995,Sociedade Limitada
35213152133,MERCADINHO NOVO PAULISTANO LTDA.,SAO PAULO,6,1995,Sociedade Limitada
35213152141,BYL INFORMATICA LTDA.,SAO PAULO,6,1995,Sociedade Limitada
35213152150,MARROM BOMBOM DISTRIBUIDORA DE DOCES E ARTIGOS PROMOCIONAIS LTDA.,SAO PAULO,6,1995,Sociedade Limitada
35213152168,TECNOCRET CONSTRUCOES LTDA.,SANTANA DE PARNAIBA,6,1995,Sociedade Limitada
35213152176,AGETRAN ASSESSORIA EM TRANSPORTES LTDA.,FRANCA,6,1995,Sociedade Limitada
35213152184,LOKS COMERCIO E ASSESSORIA TECNICA COMERCIAL LTDA.,FRANCA,6,1995,Sociedade Limitada
35213152192,LAPA-REPRESENTACAO COMERCIAL LTDA.,RIBEIRAO PRETO,6,1995,Sociedade Limitada
35213152206,HELENA COMERCIO DE BEBIDAS LTDA.,LIMEIRA,6,1995,Sociedade Limitada
35213152214,F.J. COMERCIO DE BRINDES DE JACAREI LTDA.,JACAREI,6,1995,Sociedade Limitada
35213152222,JAPANI TRANSPORTES LTDA.,SAO PAULO,6,1995,Sociedade Limitada
35213152231,ISOLAB TREINAMENTOS EM SEGURANCA DO TRABALHO LTDA,SAO PAULO,6,1995,Sociedade Limitada
35213152249,WALTUR TRANSPORTE E TURISMO LTDA.,SAO PAULO,6,1995,Sociedade Limitada
35213152257,LURILIGHT - BAR LTDA,MOGI DAS CRUZES,6,1995,Sociedade Limitada
35213152265,WORD-TEL COMERCIAL E TELECOMUNICACOES LTDA.,SAO PAULO,6,1995,Sociedade Limitada
35213152273,BANANA' S BAR LTDA.,SAO PAULO,6,1995,Sociedade Limitada
35213152281,BIKE LIFE COMERCIO DE ARTIGOS ESPORTIVOS LTDA.,SAO PAULO,6,1995,Sociedade Limitada
35213152290,MATOS & FARINA LTDA,SAO PAULO,6,1995,Sociedade Limitada
35213152303,CHINON PRESENTES LTDA,SAO PAULO,6,1995,Sociedade Limitada
35213152311,CHINKEE - ARTIGOS PARA PRESENTES LTDA.,SAO PAULO,6,1995,Sociedade Limitada
35213152320,ACESSORIO DA CASA - COMERCIO DE MATERIAIS ELETRICOS LTDA,SAO PAULO,6,1995,Sociedade Limitada
35213152338,NGL RENOVADORA E ESTACIONAMENTO LTDA,SAO CAETANO DO SUL,6,1995,Sociedade Limitada
35213152346,MILTES DOS SANTOS & CIA LTDA.,MOCOCA,6,1995,Sociedade Limitada
35213152354,LUDENS CENTRO DE DESENVOLVIMENTO HUMANO E MOTRICIDADE LTDA.,SAO CARLOS,6,1995,Sociedade Limitada
35213152362,TEC REVEST TECNOLOGIA EM REVESTIMENTOS LTDA,SAO PAULO,6,1995,Sociedade Limitada
35213152371,LANCHONETE GRANCONATO LTDA.,SOCORRO,6,1995,Sociedade Limitada
35213152389,HENRIFER COMERCIAL DE FRIOS E LATICINIOS LTDA.,RIBEIRAO PRETO,6,1995,Sociedade Limitada
35213152397,INFTEL INFORMATICA LTDA.,SAO JOSE DOS CAMPOS,6,1995,Sociedade Limitada
35213152401,SAPATARIA SAO PAULO COMERCIAL LTDA.,SAO PAULO,6,1995,Sociedade Limitada
35213152419,VAN STOFF TEXTIL LTDA.,SAO PAULO,6,1995,Sociedade Limitada
35213152427,MECANICA HORNICHE LTDA,LEME,6,1995,Sociedade Limitada
35213152435,GENIVALDO FLORENTINO DOS SANTOS & CIA. LTDA.,SANTA RITA DO PASSA QUATRO,6,1995,Sociedade Limitada
35213152443,CABRAL & MEIRELES PEDRAS DECORATIVAS LTDA,FARTURA,6,1995,Sociedade Limitada
35213152451,SIBERIAN AGENCIA DE VIAGENS E TURISMO LTDA.,GUARULHOS,6,1995,Sociedade Limitada
35213152460,ENXOVAIS ENEANE LTDA.,FARTURA,6,1995,Sociedade Limitada
35213152478,VANNUCCI & ROSA INSTRUMENTOS MUSICAIS LTDA,SOROCABA,6,1995,Sociedade Limitada
35213152486,"M & H - CONSULTING CONSULTORIA, COMERCIO,IMPORTACAO E EXPORTACAO DE SISTEMAS DE INFORMATICA LTDA",SAO PAULO,6,1995,Sociedade Limitada
35213152494,MENDES ARTES GRAFICAS LTDA,MOGI DAS CRUZES,6,1995,Sociedade Limitada
35213152508,BARATAO COMERCIO DE BEBIDAS LTDA,SAO PAULO,6,1995,Sociedade Limitada
35213152516,YSAAC'S CONFECCOES LTDA,SAO PAULO,6,1995,Sociedade Limitada
35213152524,RED PAPER PAPELARIA E PRESENTES LTDA.,SAO PAULO,6,1995,Sociedade Limitada
35213152532,QUIRIRIM HORTI FRUTI GRANJEIROS LTDA.,SAO PAULO,6,1995,Sociedade Limitada
35213152541,CINE CLUB VIDEO LOCADORA JARDIM SOARES LTDA.,SAO PAULO,6,1995,Sociedade Limitada
35213152559,MADE HAW FOOD DO BRASIL COMERCIO DE ALIMENTOS LTDA.,CAMPINAS,6,1995,Sociedade Limitada
35213152567,CONFECCAO MAYUMI BARBIERI LTDA,SAO PAULO,6,1995,Sociedade Limitada
35213152575,E M A ENGENHARIA E MANUTENCAO LTDA.,SAO PAULO,6,1995,Sociedade Limitada
35213152583,AVICULTURA BUTANTA LTDA,SAO PAULO,6,1995,Sociedade Limitada
35213152591,DELLAMY'S CONFECCOES LTDA,SOROCABA,6,1995,Sociedade Limitada
35213152605,COMERCIAL MB CARVALHO LTDA,SAO PAULO,6,1995,Sociedade Limitada
35213152613,TLC ENGENHARIA E MANUTENCAO INDUSTRIAL LTDA,CAMPINAS,6,1995,Sociedade Limitada
35213152621,DJALMA AP. MARQUES E CIA LTDA.,AMPARO,6,1995,Sociedade Limitada
35213152630,CAULIMAR COMERCIAL LTDA.,SAO PAULO,6,1995,Sociedade Limitada
35213152648,FEXXCOM SUPRIMENTOS PARA IMPRESSAO LTDA,AMERICANA,6,1995,Sociedade Limitada
35213152656,TRANSOLDAS COMERCIO E SERVICOS LTDA.,SAO PAULO,6,1995,Sociedade Limitada
35213152664,FOLTRAM E CRISPIM LTDA,OSASCO,6,1995,Sociedade Limitada
35213152672,PEJAMAR SALGADOS E DOCES LTDA,SAO PAULO,6,1995,Sociedade Limitada
35213152681,COBIANCHI E CARNEIRO LTDA,LORENA,6,1995,Sociedade Limitada
35213152699,FERMATEC REPRESENTACAO E IMPORTACAO LTDA.,SAO PAULO,6,1995,Sociedade Limitada
35213152702,RETIFICA DE MOTORES PALMARES LTDA,SANTO ANDRE,6,1995,Sociedade Limitada
35213152711,PONTASIL _ INDUSTRIA E COMERCIO DE ABRASIVOS LTDA.,COTIA,6,1995,Sociedade Limitada
35213152729,HOT POINT REPRESENTACOES LTDA,SAO PAULO,6,1995,Sociedade Limitada
35213152737,CONFECCOES CAMICAROL LTDA,SAO PAULO,6,1995,Sociedade Limitada
35213152745,DOIS PIRRALHOS-INDUSTRIA E COMERCIO DE CONFECCOES LTDA.,SAO PAULO,6,1995,Sociedade Limitada
35213152753,EAGLE TRANSPORTES LTDA.,SAO PAULO,6,1995,Sociedade Limitada
35213152761,FAJUE COMERCIO VAREJISTA DE ROUPAS LTDA,SAO PAULO,6,1995,Sociedade Limitada
35213152770,JU-NIKA BABY CONFECCOES LTDA.,SAO PAULO,6,1995,Sociedade Limitada
35213152788,KENILWORTH ASSESSORIA EMPREENDIMENTOS E PARTICIPACOES LTDA.,SAO PAULO,6,1995,Sociedade Limitada
35213152796,SGANZERLA REPRESENTACOES LTDA,RIO CLARO,6,1995,Sociedade Limitada
35213152800,SACOLAO VISTA ALEGRE LTDA,EMBU,6,1995,Sociedade Limitada
35213152818,SETE POYTE AUTOMACAO LTDA,EMBU,6,1995,Sociedade Limitada
35213152826,7 GERACAO - MALHARIA LTDA.,TABOAO DA SERRA,6,1995,Sociedade Limitada
35213152834,OBSESSAO MALHAS - CONFECCOES E COMERCIO LTDA.,SAO PAULO,6,1995,Sociedade Limitada
35213152842,BANDY BAZE COMERCIO DE PRODUTOS ALIMENTICIOS LTDA,SAO PAULO,6,1995,Sociedade Limitada
35213152869,PEG PAG LIMA DE PARAGUACU LTDA.,PARAGUACU PAULISTA,6,1995,Sociedade Limitada
35213152877,LUDI - ORGANIZACAO E LOCACAO DE DECORACOES PARA EVENTOS INFANTIS LTDA,SAO PAULO,6,1995,Sociedade Limitada
35213152885,ALAMO RECUPERADORA DE PECAS PARA AUTOS LTDA,SAO PAULO,6,1995,Sociedade Limitada
35213152893,MARTINS BUSINESS DEVELOPMENT PESQUISA EMPRESARIAL LTDA,SAO PAULO,6,1995,Sociedade Limitada
35213152907,TRANSPORTADORA LENIS-TUR LTDA.,JACAREI,6,1995,Sociedade Limitada
35213152915,ANIKEDANI CONFECCOES E COMERCIO LTDA,SAO PAULO,6,1995,Sociedade Limitada
35213152923,COMERCIAL LIMA DE EQUIPAMENTOS LTDA.,CAMPINAS,6,1995,Sociedade Limitada
35213152931,AUTO GIRO MECANICA LTDA.,SANTO ANDRE,6,1995,Sociedade Limitada
35213152940,METALART INDUSTRIA E COMERCIO LTDA,RIO CLARO,6,1995,Sociedade Limitada
35213152958,AUDIFISCO LIVROS E MATERIAIS DIDATICOS LTDA,BARRETOS,6,1995,Sociedade Limitada
35213152966,POUSADA DAS ARARAS LTDA,CONCHAS,6,1995,Sociedade Limitada
35213152974,FURLAN TRANSPORTES LTDA.,CACAPAVA,6,1995,Sociedade Limitada
35213152982,RUBENS GAVIOLI & CIA LTDA,ITAPETININGA,6,1995,Sociedade Limitada
35213152991,COMERCIAL AGRICOLA SAO GOTARDO LTDA.,SAO PAULO,6,1995,Sociedade Limitada
35213153008,DEPOSITO DE MATERIAIS PARA CONSTRUCOES CHICAO LTDA,SAO PAULO,6,1995,Sociedade Limitada
35213153016,COMERCIO DE PECAS E SERVICOS A.J. SANTA RITA DE CASSIA LTDA.,SAO PAULO,6,1995,Sociedade Limitada
35213153024,KITUTES LANCHES E PETISCOS DE BAURU LTDA.,BAURU,6,1995,Sociedade Limitada
35213153032,C.P. CONSTRUCOES E POCOS ARTESANAIS LTDA.,JUNDIAI,6,1995,Sociedade Limitada
35213153041,K.K.I DISTRIBUIDORA DE LIVROS LTDA.,SAO PAULO,6,1995,Sociedade Limitada
35213153059,FLY MAGAZINE LTDA.,SAO PAULO,6,1995,Sociedade Limitada
35213153067,UNINVEST COMERCIAL ADMINISTRACAO DE RECURSOS LTDA.,CAMPINAS,6,1995,Sociedade Limitada
35213153075,DORAFEX COMERCIO DE MADEIRAS LTDA.,LENCOIS PAULISTA,6,1995,Sociedade Limitada
35213153083,CHRISMONA CALCADOS E BOLSAS LTDA,SAO PAULO,6,1995,Sociedade Limitada
35213153091,SUPER MERCADO YOSHITANI LTDA.,GUARULHOS,6,1995,Sociedade Limitada
35213153105,ESTRELA PREMIADA CARTELAS LTDA.,SAO PAULO,6,1995,Sociedade Limitada
35213153113,METALGLASS - SISTEMAS PARA VIDROS LTDA.,DIADEMA,6,1995,Sociedade Limitada
35213153121,TRIANGULO MINEIRO PANIFICADORA LTDA.,SAO PAULO,6,1995,Sociedade Limitada
35213153130,NILUCA'S NIGHT BAR LTDA.,SAO PAULO,6,1995,Sociedade Limitada
35213153148,GERBAAY COMERCIO REPRESENTACAO E DISTRIBUICAO DE PRODUTOS LTDA,ARUJA,6,1995,Sociedade Limitada
35213153156,BAR E LANCHONETE - PARDIM LTDA.,SAO PAULO,6,1995,Sociedade Limitada
35213153164,JAC - COMERCIO DE MATERIAIS PARA ESCRITORIO E INFORMATICA LTDA.,SAO BERNARDO DO CAMPO,6,1995,Sociedade Limitada
35213153172,GRAU - APOIO E TERCEIRIZACAO A INDUSTRIA E COMERCIO LTDA.,SAO CAETANO DO SUL,6,1995,Sociedade Limitada
35213153181,DIAMASTER FERRAMENTAS DIAMANTADAS LTDA.,SAO PAULO,6,1995,Sociedade Limitada
35213153199,ACOS MILLER COMERCIO DE ACOS E METAIS LTDA.,SAO PAULO,6,1995,Sociedade Limitada
35213153202,POZELLI ADVANCE EMPREENDIMENTOS IMOBILIARIOS LTDA.,SAO PAULO,6,1995,Sociedade Limitada
35213153211,VALSI DO BRASIL LTDA.,SAO PAULO,6,1995,Sociedade Limitada
35213153334,AGUIASSOS ENGENHARIA E CONSTRUCOES LTDA.,ARACATUBA,6,1995,Sociedade Limitada
35213153342,BORGES E BORGES ARACATUBA LTDA.,ARACATUBA,6,1995,Sociedade Limitada
35213153351,REIS COMPONENTES PARA CALCADOS LTDA.,BIRIGUI,6,1995,Sociedade Limitada
35213153369,POSTO ACACIA ARACATUBA LTDA.,ARACATUBA,6,1995,Sociedade Limitada
35213153377,CHAIMA COMERCIO DE BIJOUTERIAS LTDA.,SAO CAETANO DO SUL,6,1995,Sociedade Limitada
35213153385,JC E RGV COMERCIO E CONSULTORIA DE INFORMATICA LTDA,POA,6,1995,Sociedade Limitada
35213153393,PARESSA INFORMATICA LTDA.,SAO LOURENCO DA SERRA,6,1995,Sociedade Limitada
35213153407,NEMESYS COMERCIO E SERVICOS DE INFORMATICA LTDA,POA,6,1995,Sociedade Limitada
35213153423,"TAUBOR - COMERCIO, IMPORTACAO E EXPORTACAO LTDA.",SAO PAULO,6,1995,Sociedade Limitada
35213153431,C.F. RACOES LTDA,SAO PAULO,6,1995,Sociedade Limitada
35213153440,MINAS SAO PAULO INDUSTRIA E COMERCIO DE PULSEIRAS LTDA.,SAO PAULO,6,1995,Sociedade Limitada
35213153458,GELAO INDUSTRIA E COMERCIO LTDA.,SAO PAULO,6,1995,Sociedade Limitada
35213153466,W.J.D. TRANSPORTES LTDA.,SAO PAULO,6,1995,Sociedade Limitada
35213153474,ROTISSERIE SOL DO ORIENTE LTDA.,SAO PAULO,6,1995,Sociedade Limitada
35213153482,MOEMA SERVICOS EM AUTOS LTDA,SAO PAULO,6,1995,Sociedade Limitada
35213153491,DOCE VIDA COMERCIO DE ALIMENTOS LTDA.,SAO CAETANO DO SUL,6,1995,Sociedade Limitada
35213153504,SUPERMERCADOS NANICCOS LTDA,IGARACU DO TIETE,6,1995,Sociedade Limitada
35213153512,FARMACIA FARMA FORMULA ARACATUBA LTDA.,ARACATUBA,6,1995,Sociedade Limitada
35213153521,D.L.F.L. PRODSIC COMERCIO E CONSULTORIA DE INFORMATICA LTDA.,POA,6,1995,Sociedade Limitada
35213153539,TWA SYSTEM MANAGER COMERCIO E CONSULTORIA DE INFORMATICA LTDA.,SANTANA DE PARNAIBA,6,1995,Sociedade Limitada
35213153547,M.R. ANALISYS COMERCIO E SERVICOS DE INFORMATICA LTDA.,POA,6,1995,Sociedade Limitada
35213153555,AUTO-PECAS TIM-TEM LTDA.,SAO PAULO,6,1995,Sociedade Limitada
35213153563,J.T.FERREIRA & CIA. LTDA.,JACAREI,6,1995,Sociedade Limitada
35213153571,BS FAST FOOD LTDA.,JUNDIAI,6,1995,Sociedade Limitada
35213153580,W.W. RESTAURANTE LTDA.,SAO JOAQUIM DA BARRA,6,1995,Sociedade Limitada
35213153598,MIGLAU BAR E MINIMERCADO LTDA.,OSASCO,6,1995,Sociedade Limitada
35213153601,C. N. JARDIM & CIA. LTDA.,TARUMA,6,1995,Sociedade Limitada
35213153610,MARONEZI & GONCALES REPRESENTACOES COMERCIAIS LTDA.,BAURU,6,1995,Sociedade Limitada
35213153628,TRANSPORTADORA DOMINIUM LTDA.,SAO PAULO,6,1995,Sociedade Limitada
35213153636,GERAL PARTS IMPORTACAO E EXPORTACAO LTDA.,SAO PAULO,6,1995,Sociedade Limitada
35213153644,CWP COMERCIO DE MOVEIS E REPRESENTACOES LTDA,SAO PAULO,6,1995,Sociedade Limitada
35213153652,KEYO ALIMENTOS LTDA.,OSASCO,6,1995,Sociedade Limitada
35213153750,EMBAIXADOR DE AMERICANA COMERCIAL LTDA.,AMERICANA,6,1995,Sociedade Limitada
35213153768,VIOMEL COMERCIAL LTDA.,CAMPINAS,6,1995,Sociedade Limitada
35213153776,IMAGEM TROPICAL CONFECCOES LTDA.,SAO PAULO,6,1995,Sociedade Limitada
35213153784,LEONE & LEONE LTDA.,SAO JOSE DO RIO PRETO,6,1995,Sociedade Limitada
35213153792,VIDRACARIA COSTA E POSSEBON LTDA,CAJAMAR,6,1995,Sociedade Limitada
35213153806,E. R. M. EMBALAGENS LTDA.,NOVO HORIZONTE,6,1995,Sociedade Limitada
35213153814,PACHECO CHAVES COMERCIO DE MOVEIS LTDA,SAO PAULO,6,1995,Sociedade Limitada
35213153822,"SIQUEIRA E SIQUEIRA TERCEARIZACAO, DEDETIZACAO E CONSERVACAO LTDA.",SAO PAULO,6,1995,Sociedade Limitada
35213153831,CHROMOLAB SUPRIMENTOS PARA LABORATORIOS LTDA.,SAO PAULO,6,1995,Sociedade Limitada
35213153849,OSKAR IDIOMAS LTDA.,SAO PAULO,6,1995,Sociedade Limitada
35213153857,GEOTEX INDUSTRIA E COMERCIO LTDA.,SAO PAULO,6,1995,Sociedade Limitada
35213153865,DOCERIA RAHIJ LTDA.,SAO PAULO,6,1995,Sociedade Limitada
35213153873,SENS & COELHO LTDA.,SAO JOSE DOS CAMPOS,6,1995,Sociedade Limitada
35213153881,LANCOMP INFORMATICA LTDA,SAO JOSE DOS CAMPOS,6,1995,Sociedade Limitada
35213153890,PERMATE ELETRICA E HIDRAULICA LTDA.,SAO PAULO,6,1995,Sociedade Limitada
35213153903,NUTRIWELT LTDA.,SAO PAULO,6,1995,Sociedade Limitada
35213153911,WEESE COMERCIAL DE SINTETICOS LTDA,SAO PAULO,6,1995,Sociedade Limitada
35213153920,DANSA ACESSORIOS INDUSTRIAIS LTDA.,SAO PAULO,6,1995,Sociedade Limitada
35213153938,MR TRANSPORTES E AGENCIAMENTO DE CARGAS LTDA.,CUBATAO,6,1995,Sociedade Limitada
35213153946,DIBUSA COMERCIO DE SUCATAS LTDA,SANTA RITA DO PASSA QUATRO,6,1995,Sociedade Limitada
35213153954,MAXIMU'S RESTAURANTE RIBEIRAO PRETO LTDA,RIBEIRAO PRETO,6,1995,Sociedade Limitada
35213153962,SUPER MONTADORA DE STAND LTDA,RIBEIRAO PRETO,6,1995,Sociedade Limitada
35213153971,D.M.A COMERCIO DE PLASTICOS LTDA,BATATAIS,6,1995,Sociedade Limitada
35213153989,PANIFICADORA E CONFEITARIA ALVORADA LTDA.,ALTINOPOLIS,6,1995,Sociedade Limitada
35213154004,ALTEC TELE ALARM EQUIPAMENTOS ELETRONICOS LTDA.,RIBEIRAO PRETO,6,1995,Sociedade Limitada
35213154012,COSB-TEC EQUIPAMENTOS INDUSTRIAIS LTDA.,SERTAOZINHO,6,1995,Sociedade Limitada
35213154021,S. ALBINO & S. ALBINO LTDA.,RIBEIRAO PRETO,6,1995,Sociedade Limitada
35213154039,CARIBE SERVICOS E COMERCIO DE PECAS LTDA.,RIBEIRAO PRETO,6,1995,Sociedade Limitada
35213154047,MAIA & GANDOLPHI LTDA.,JAGUARIUNA,6,1995,Sociedade Limitada
35213154055,MINI MERCADO JARDIM DO LAGO DE JUNDIAI LTDA.,JUNDIAI,6,1995,Sociedade Limitada
35213154063,CASI DISTRIBUIDORA DE PRODUTOS ALIMENTICIOS LTDA,SAO PAULO,6,1995,Sociedade Limitada
35213154071,SP DEALERS COMERCIAL LTDA.,SAO PAULO,6,1995,Sociedade Limitada
35213154080,PRUDENCARNE COMERCIO DE CARNES LTDA,PRESIDENTE PRUDENTE,6,1995,Sociedade Limitada
35213154098,MARCENARIA STAM LTDA.,SAO PAULO,6,1995,Sociedade Limitada
35213154101,AFONJA LTDA.,GUARULHOS,6,1995,Sociedade Limitada
35213154110,RODO SALTO TRANSPORTES E LOGISTICA LTDA,SALTO,6,1995,Sociedade Limitada
35213154128,FUSAO COMERCIO DE JOIAS LTDA.,SAO PAULO,6,1995,Sociedade Limitada
35213154136,PARI ENGENHARIA E CONSTRUCOES LTDA.,SOROCABA,6,1995,Sociedade Limitada
35213154144,C & C VIAGENS E TURISMO LTDA.,CATANDUVA,6,1995,Sociedade Limitada
35213154152,MERCADO SAFIRA LTDA.,SAO PAULO,6,1995,Sociedade Limitada
35213154161,ALIANCA FOLHINHAS METALIZADAS LTDA.,GUARULHOS,6,1995,Sociedade Limitada
35213154179,QUESTAO DE HABITO INDUSTRIA E COMERCIO DE ROUPAS LTDA.,SAO PAULO,6,1995,Sociedade Limitada
35213154187,SML CONSULTORIA E TECNOLOGIA EM INFORMATICA LTDA.,SAO PAULO,6,1995,Sociedade Limitada
35213154195,FAENZA ARTE E DECORACOES LTDA.,SAO PAULO,6,1995,Sociedade Limitada
35213154209,RENT TIME SERVICOS DE LIMPEZA LTDA.,SAO PAULO,6,1995,Sociedade Limitada
35213154217,FERRELLI COMERCIO DE PRODUTOS ALIMENTICIOS E LANCHONETE LTDA,SAO PAULO,6,1995,Sociedade Limitada
35213154225,O K COMERCIO DE BRINQUEDOS LTDA.,CAMPINAS,6,1995,Sociedade Limitada
35213154233,SABINO ASSISTENCIA TECNICA ODONTOLOGICA LTDA,CAMPINAS,6,1995,Sociedade Limitada
35213154241,H.L.S. COMERCIO DE MATERIAIS PARA CONSTRUCAO LTDA.,CAMPINAS,6,1995,Sociedade Limitada
35213154250,HERON TECNICA LTDA.,SAO PAULO,6,1995,Sociedade Limitada
35213154268,ZOLCSAK ELETRICA ENGENHARIA. FABRICACAO E INSTALACOES LTDA,SAO BERNARDO DO CAMPO,6,1995,Sociedade Limitada
35213154276,ARTE E REQUINTE INDUSTRIA DE COSMETICOS LTDA.,CAMPINAS,6,1995,Sociedade Limitada
35213154284,V. S. COMERCIO DE MOVEIS LTDA.,CAMPINAS,6,1995,Sociedade Limitada
35213154292,LIMP ENTULHO COMERCIO E LOCACAO DE CACAMBAS LTDA.,CAMPINAS,6,1995,Sociedade Limitada
35213154306,DNP COMERCIO DE CONFECCOES LTDA.,CAMPINAS,6,1995,Sociedade Limitada
35213154314,SEVERO & ZOLA LTDA.,PRESIDENTE PRUDENTE,6,1995,Sociedade Limitada
35213154322,EMILIA M. HIEDA & CIA LTDA.,PRESIDENTE PRUDENTE,6,1995,Sociedade Limitada
35213154331,SR & CM COMERCIO DE MALHAS LTDA,CAMPINAS,6,1995,Sociedade Limitada
35213154349,POSTO SAO GABRIEL D OESTE LTDA.,SANTA BARBARA D'OESTE,6,1995,Sociedade Limitada
35213154357,L N C EQUIPAMENTOS INDUSTRIAIS LTDA,TAUBATE,6,1995,Sociedade Limitada
35213154365,PANIFICADORA DECCINE TEIXEIRA LTDA,TAUBATE,6,1995,Sociedade Limitada
35213154373,HOLITECH COMERCIO E REPRESENTACAO LTDA,CACAPAVA,6,1995,Sociedade Limitada
35213154381,SOUZA E SOUZA COMERCIO E REPRESENTACOES LTDA,PINDAMONHANGABA,6,1995,Sociedade Limitada
35213154390,A. SOUZA & FILHOS LTDA.,ANDRADINA,6,1995,Sociedade Limitada
35213154403,BODY AND SOUL BAZAR E ESTETICA LTDA,CARAPICUIBA,6,1995,Sociedade Limitada
35213154411,NET SERVICOS DE CESTAS DECORACOES LTDA.,SAO PAULO,6,1995,Sociedade Limitada
35213154420,GREEN GOLD COFFE SHOP LTDA,SAO PAULO,6,1995,Sociedade Limitada
35213154438,GABARRA PRODUTOS AGROPECUARIOS LTDA,RIBEIRAO PRETO,6,1995,Sociedade Limitada
35213154446,MARCENARIA ART MADEIRA LTDA.,SAO PAULO,6,1995,Sociedade Limitada
35213154454,ROTA DO DOCE INDUSTRIA E COMERCIO DE DOCES LTDA.,SAO PAULO,6,1995,Sociedade Limitada
35213154462,IN FITNESS COMERCIO DE PRODUTOS NATURAIS LTDA.,SAO PAULO,6,1995,Sociedade Limitada
35213154471,PLASQUALITY COMERCIO EMBALAGENS LTDA.,CAMPINAS,6,1995,Sociedade Limitada
35213154489,EXPRESS PORTOES ELETRONICOS LTDA.,CAMPINAS,6,1995,Sociedade Limitada
35213154497,MODA JOVEM CAMPINAS LTDA.,CAMPINAS,6,1995,Sociedade Limitada
35213154501,PLENUS LIVRARIA E PAPELARIA LTDA,SAO PAULO,6,1995,Sociedade Limitada
35213154519,MACHADO'S COMERCIO DE VEICULOS E REPRESENTACOES LTDA.,OSASCO,6,1995,Sociedade Limitada
35213154527,NOVA ARTHUR COMERCIO DE CALCADOS E MAGAZINE LTDA.,SAO PAULO,6,1995,Sociedade Limitada
35213154535,PANIFICADORA PONTO ALTO DO CARMO LTDA,SAO PAULO,6,1995,Sociedade Limitada
35213154543,PIZZARIA DOS GEMINHOS LTDA.,SAO PAULO,6,1995,Sociedade Limitada
35213154551,AUTO VAPOR PIRATININGA LTDA,OSASCO,6,1995,Sociedade Limitada
35213154560,1001 - PROJETOS E SERVICOS LTDA.,SANTOS,6,1995,Sociedade Limitada
35213154578,BAR E LANCHES DEGRAU II LTDA,SAO PAULO,6,1995,Sociedade Limitada
35213154586,FLYTS AGENCIA DE VIAGENS LTDA.,SAO PAULO,6,1995,Sociedade Limitada
35213154594,R. V. PLASTIC FORROS E DIVISORIAS LTDA.,SAO PAULO,6,1995,Sociedade Limitada
35213154608,L C TOP SERVICE - SERVICOS ADMINISTRATIVOS E PROMOCOES LTDA,SAO PAULO,6,1995,Sociedade Limitada
35213154616,AUTO SOCORRO MECANICA E BORRACHARIA SILVA JUNIOR LTDA.,SAO PAULO,6,1995,Sociedade Limitada
35213154624,MAGIC TRACE GRAFICA EXPRESSA LTDA.,SAO PAULO,6,1995,Sociedade Limitada
35213154632,TRANSMANTOGRAN TRANSPORTES RODOVIARIOS LTDA,JAGUARIUNA,6,1995,Sociedade Limitada
35213154641,SORVETERIA RODOVIARIA MIRASSOL LTDA.,MIRASSOL,6,1995,Sociedade Limitada
35213154659,UPM DO BRASIL - COMERCIO E REPRESENTACOES DE MAQUINAS LTDA.,SAO PAULO,6,1995,Sociedade Limitada
35213154667,SENERCO COMERCIO E SERVICOS LTDA,SAO PAULO,6,1995,Sociedade Limitada
35213154675,MARCENARIA E DECORACOES SETE LTDA.,SAO PAULO,6,1995,Sociedade Limitada
35213154683,CANNES BEER DISTRIBUIDORA LTDA.,PRESIDENTE PRUDENTE,6,1995,Sociedade Limitada
35213154691,CASA DAS BALANCAS E EQUIPAMENTOS PRUDENTE LTDA,PRESIDENTE PRUDENTE,6,1995,Sociedade Limitada
35213154705,DIACELL DISTRIBUIDORA LTDA.,DIADEMA,6,1995,Sociedade Limitada
35213154713,VITORIA MOVEIS E INTERIORES LTDA.,SAO PAULO,6,1995,Sociedade Limitada
35213154721,KLL INDUSTRIA DE CALCADOS LTDA,SAO PAULO,6,1995,Sociedade Limitada
35213154730,CONFECCOES TUDO MEU LTDA,SAO PAULO,6,1995,Sociedade Limitada
35213154748,IPEMA MOVEIS COMERCIO E DECORACAO LTDA.,SAO PAULO,6,1995,Sociedade Limitada
35213154756,QUEEN'S BAR E DRINKS LTDA,SANTO ANDRE,6,1995,Sociedade Limitada
35213154764,CONEMAN MANUTENCAO E CONSERVACAO PREDIAL LTDA.,SANTO ANDRE,6,1995,Sociedade Limitada
35213154772,ROSA DA PERIMETRAL BAR E LANCHES LTDA,SANTO ANDRE,6,1995,Sociedade Limitada
35213154781,ENCARTAZ COMERCIO E DISTRIBUICAO DE FITAS LTDA,SANTO ANDRE,6,1995,Sociedade Limitada
35213154799,CURSOS DI' ART LTDA.,SAO BERNARDO DO CAMPO,6,1995,Sociedade Limitada
35213154802,"PEROLA LATICINIOS, FRIOS E FEIRA LIMPA LTDA.",SAO BERNARDO DO CAMPO,6,1995,Sociedade Limitada
35213154811,COMERCIAL DE MOVEIS SILVINA LTDA.,SAO BERNARDO DO CAMPO,6,1995,Sociedade Limitada
35213154829,CANTINA TUTTI FRATELLO LTDA.,SAO BERNARDO DO CAMPO,6,1995,Sociedade Limitada
35213154837,DEMARCHI & COSTA LTDA.,SAO BERNARDO DO CAMPO,6,1995,Sociedade Limitada
35213154845,GOLDIEM-IAL DECORACOES & AFINS LTDA.,SAO PAULO,6,1995,Sociedade Limitada
35213154853,S.T. COMERCIAL E AUTO ELETRICO LTDA.,SAO PAULO,6,1995,Sociedade Limitada
35213154861,GIULIMAD COMERCIAL LTDA.,SAO PAULO,6,1995,Sociedade Limitada
35213154870,SULINA COMERCIAL ALIMENTICIA LTDA,SAO PAULO,6,1995,Sociedade Limitada
35213154888,CPL - LOCACAO DE MAQUINAS E EQUIPAMENTOS LTDA.,SAO PAULO,6,1995,Sociedade Limitada
35213154896,CP - A - AGENCIAMENTO DE MAO DE OBRA TEMPORARIO LTDA,SAO PAULO,6,1995,Sociedade Limitada
35213154900,CP - O - CONSTRUCOES E COMERCIO LTDA,SAO PAULO,6,1995,Sociedade Limitada
35213154918,J.G.G. FACTORING - FOMENTO COMERCIAL LTDA.,SAO PAULO,6,1995,Sociedade Limitada
35213154926,TRANSPORTES CENEDEZE & GHELERI LTDA.,AMERICANA,6,1995,Sociedade Limitada
35213154934,JDM LANCHONETE FRUTOS DO MAR LTDA,SAO PAULO,6,1995,Sociedade Limitada
35213154942,JUNDIVAL COMERCIO SERVICO INDUSTRIAIS LTDA.,JUNDIAI,6,1995,Sociedade Limitada
35213154951,ZOOM EXPRESS FOTO OTICA LTDA.,JUNDIAI,6,1995,Sociedade Limitada
35213154969,AUTO POSTO CARTELI LTDA,JUNDIAI,6,1995,Sociedade Limitada
35213154977,OSWALDO CELTEC COMERCIAL ELETRONICA LTDA,SAO JOSE DO RIO PRETO,6,1995,Sociedade Limitada
35213154985,L & M COMERCIO E REPRESENTACOES LTDA.,SAO PAULO,6,1995,Sociedade Limitada
35213154993,RESTAURANTE ALLADIN LTDA,NOVA ODESSA,6,1995,Sociedade Limitada
35213155001,ANDORRA CHURRASCARIA LTDA.,SANTOS,6,1995,Sociedade Limitada
35213155019,J C GUARUJA ARTESANATOS LTDA,GUARUJA,6,1995,Sociedade Limitada
35213155027,DISTRIBUIDORA DE FRUTAS LUANA LTDA,SANTOS,6,1995,Sociedade Limitada
35213155035,CS COMERCIO DE PAPEL LTDA,CAMPINAS,6,1995,Sociedade Limitada
35213155043,ANTARES COMERCIO DE AGUAS MINERAIS LTDA.,CAMPINAS,6,1995,Sociedade Limitada
35213155051,NALDO LUIZ REPRESENTACOES LTDA.,FRANCA,6,1995,Sociedade Limitada
35213155060,BAZAR E COMERCIO DE CONFECCOES EM GERAL VIEGAS DE MACEDO LTDA,SAO PAULO,6,1995,Sociedade Limitada
35213155078,G & M FACCAO LTDA,SAO PAULO,6,1995,Sociedade Limitada
35213155086,SCHMIDT & GAIA GONCALVES MAGAZINE INFANTIL LTDA.,SAO PAULO,6,1995,Sociedade Limitada
35213155094,CASA DE CARNES A & L LTDA.,SAO PAULO,6,1995,Sociedade Limitada
35213155108,RICO - COMERCIO DE MATERIAIS ELETRICOS LTDA.,SANTO ANDRE,6,1995,Sociedade Limitada
35213155116,CAROLINA BALIERO COSMETICOS LTDA.,SAO PAULO,6,1995,Sociedade Limitada
35213155124,W. R. PERFUMES & PRESENTES LTDA,SAO PAULO,6,1995,Sociedade Limitada
35213155132,"LUZ LIA BAR, SANDUICHES E SUCOS LTDA.",SAO PAULO,6,1995,Sociedade Limitada
35213155141,BELLA CASA ARTIGOS PARA PRESENTES LTDA,SAO PAULO,6,1995,Sociedade Limitada
35213155159,MULTI FASHION COMERCIO IMPORTACAO E EXPORTACAO LTDA,SAO PAULO,6,1995,Sociedade Limitada
35213155167,CACIQUE FRUTAS COMERCIO EXPORTACAO E IMPORTACAO LTDA.,ATIBAIA,6,1995,Sociedade Limitada
35213155175,POWER FITNESS ACADEMIA DE GINASTICA E COMERCIO LTDA.,SAO PAULO,6,1995,Sociedade Limitada
35213155183,INDUSTRIA E COMERCIO DE BORDADOS CAMPOPIANO LTDA,ITAPOLIS,6,1995,Sociedade Limitada
35213155191,A. R. MONTEIRO & CIA LTDA,AMERICANA,6,1995,Sociedade Limitada
35213155205,ESTAMPOFER USINAGEM E EQUIPAMENTOS LTDA,AMPARO,6,1995,Sociedade Limitada
35213155213,L C JALES VEICULOS LTDA,JALES,6,1995,Sociedade Limitada
35213155221,A M C FOGARIN & CIA LTDA,MOCOCA,6,1995,Sociedade Limitada
35213155230,RCM - EMPREENDIMENTOS ESPORTIVOS LTDA.,SAO PAULO,6,1995,Sociedade Limitada
35213155248,ESTRELA CADENTE REPRESENTACOES E PROMOCOES LTDA,OSASCO,6,1995,Sociedade Limitada
35213155256,STAR AGROPECUARIA LTDA.,JUNDIAI,6,1995,Sociedade Limitada
35213155370,CEMPRE CONSTRUCAO INCORPORACAO E COMERCIO LTDA.,AMERICANA,6,1995,Sociedade Limitada
35213155388,M. A. DISTRIBUIDORA DE LEITE LTDA,SAO JOSE DO RIO PRETO,6,1995,Sociedade Limitada
35213155396,ENERGIA TRANSPORTE E REPRESENTACOES LTDA,SAO JOSE DO RIO PRETO,6,1995,Sociedade Limitada
35213155400,"CEFESPAR - CENTRO DE ESTUDOS EM FISIOTERAPIA ESPORTIVA,COMERCIAL LTDA",SAO JOSE DO RIO PRETO,6,1995,Sociedade Limitada
35213155418,AENEGLASS COMERCIO DE MATERIAIS DE CONSTRUCAO LTDA,SAO JOSE DO RIO PRETO,6,1995,Sociedade Limitada
35213155426,BRIGHENTE DROGARIA LTDA,URUPES,6,1995,Sociedade Limitada
35213155434,PAULUCCI REPRESENTACOES LTDA.,CATANDUVA,6,1995,Sociedade Limitada
35213155442,LOURENCO & RIBEIRO PANIFICADORA LTDA.,SAO JOSE DO RIO PRETO,6,1995,Sociedade Limitada
35213155451,REPRESENTACOES ARAUJO & PARTEZANE LTDA,TANABI,6,1995,Sociedade Limitada
35213155469,FITAMAC SERVICOS PARA ESCRITORIO LTDA,SAO PAULO,6,1995,Sociedade Limitada
35213155477,TOY CIRCLE COMERCIO EXTERIOR LTDA.,SAO PAULO,6,1995,Sociedade Limitada
35213155485,SILVA & SILVA COMERCIO DE FERRAGENS E MONTAGENS INDUSTRIAIS DE ORLANDIA LTDA,ORLANDIA,6,1995,Sociedade Limitada
35213155493,TRANSPORTADORA RIO NEGRINHO LTDA.,ORLANDIA,6,1995,Sociedade Limitada
35213155507,GONZALES E SEABRA TRANSPORTES LTDA.,DIADEMA,6,1995,Sociedade Limitada
35213155515,LANDELL REPRESENTACOES E PARTICIPACOES LTDA,SAO PAULO,6,1995,Sociedade Limitada
35213155523,ROCOCO TERRAPLENAGEM E COMERCIO LTDA,SAO PAULO,6,1995,Sociedade Limitada
35213155531,A & Z DECORACOES LTDA.,SANTOS,6,1995,Sociedade Limitada
35213155540,JEFFERSON EQUIPAMENTOS DE SOM LTDA.,SANTOS,6,1995,Sociedade Limitada
35213155558,CRAQUES DO FUTURO CENTRO DE ENSINO DE SPORTES E COMERCIO DE ARTIGOS ESPORTIVOS LTDA.,GUARUJA,6,1995,Sociedade Limitada
35213155566,S.O.S. COMRCIO E CONSERTOS DE MAQUINAS LTDA.,SAO VICENTE,6,1995,Sociedade Limitada
35213155574,MAR E FERRO MANUTENCAO GERAL LTDA.,SANTOS,6,1995,Sociedade Limitada
35213155582,HB - REFUGIO DO HOMER LTDA,JANDIRA,6,1995,Sociedade Limitada
35213155591,R. MARINA'S CONFECCOES LTDA.,SAO PAULO,6,1995,Sociedade Limitada
35213155604,ALPHA MAX COMERCIO DE ANTENAS E EQUIPAMENTOS ELETRONICOS LTDA,SANTOS,6,1995,Sociedade Limitada
35213155612,D. L. COMERCIO DE CONFECCOES LTDA.,PRAIA GRANDE,6,1995,Sociedade Limitada
35213155621,LESUZIED - COMERCIO E REPRESENTACOES LTDA.,BEBEDOURO,6,1995,Sociedade Limitada
35213155639,P.P GARCIA BAR LTDA.,RIBEIRAO PRETO,6,1995,Sociedade Limitada
35213155647,AUSMAR COMERCIO E REPRESENTACOES LTDA.,SAO PAULO,6,1995,Sociedade Limitada
35213155655,SOUZA & SANTOS C JORDAO LTDA.,CAMPOS DO JORDAO,6,1995,Sociedade Limitada
35213155663,PERFUMARIA VIELLA LTDA.,BARUERI,6,1995,Sociedade Limitada
35213155671,ADRIANNE ALIMENTOS LTDA,SAO PAULO,6,1995,Sociedade Limitada
35213155680,HOUSE RAINBOW LTDA,SAO BERNARDO DO CAMPO,6,1995,Sociedade Limitada
35213155698,GUAJARA CONFECCOES LTDA,BARRA BONITA,6,1995,Sociedade Limitada
35213155701,PAULO CESAR ELIAS & CIA LTDA.,ARACATUBA,6,1995,Sociedade Limitada
35213155710,FERQUI COMERCIO DE GENEROS ALIMENTICIOS LTDA,ARACATUBA,6,1995,Sociedade Limitada
35213155841,SP INDEX-1 COMERCIO E DISTRIBUICAO LTDA.,SAO PAULO,6,1995,Sociedade Limitada
35213155850,TEM TUDO PRODUCAO E MARKETING LTDA.,SANTO ANDRE,6,1995,Sociedade Limitada
35213155868,DROGARIA GONCALVES E FOGACA LTDA.,ITAPEVA,6,1995,Sociedade Limitada
35213155876,EXUBERANCE CONFECCOES FINAS LTDA.,SAO PAULO,6,1995,Sociedade Limitada
35213155884,"STAR GRAF INDUSTRIA, COMERCIO, IMPORTACAO E EXPORTACAO LTDA.",SAO PAULO,6,1995,Sociedade Limitada
35213155892,DOCE SORRISO COMERCIO DE DOCES E SALGADOS LTDA.,SAO BERNARDO DO CAMPO,6,1995,Sociedade Limitada
35213155906,VIRTUAL HOME VIDEO LOCADORA LTDA.,SAO PAULO,6,1995,Sociedade Limitada
35213155914,SELMIX CONCRETO LTDA.,SAO PAULO,6,1995,Sociedade Limitada
35213155922,ROGELAR MOVEIS E DECORACOES LTDA.,SAO PAULO,6,1995,Sociedade Limitada
35213155931,INDICO IMPORTACAO E EXPORTACAO LTDA.,SAO PAULO,6,1995,Sociedade Limitada
35213155949,ANDERQUETTI COMERCIO DE ALIMENTOS LTDA.,SOROCABA,6,1995,Sociedade Limitada
35213155957,HENRIQUE SILVA CONFECCOES LTDA.,SOROCABA,6,1995,Sociedade Limitada
35213155965,S.R.V.S. - COMERCIO E SERVICOS LTDA.,SAO PAULO,6,1995,Sociedade Limitada
35213155973,ULISSES REPRESENTACOES COMERCIAIS DE CALCADOS E ACESSORIOS LTDA,BRAGANCA PAULISTA,6,1995,Sociedade Limitada
35213155981,TOP SERVICE COMERCIO E ELETRONICA LTDA.,SAO PAULO,6,1995,Sociedade Limitada
35213155990,VARIAC INDUSTRIA ELETRO - METALURGICA LTDA.,SANTO ANDRE,6,1995,Sociedade Limitada
35213156007,HAPPY - DAY CALCADOS E ACESSORIOS LTDA.,SAO PAULO,6,1995,Sociedade Limitada
35213156015,GRIMOIRES COMERCIAL LTDA.,SAO PAULO,6,1995,Sociedade Limitada
35213156023,DROGARIA FI-PLIS LTDA.,SAO PAULO,6,1995,Sociedade Limitada
35213156031,RESTAURANTE DELICIAS CASEIRINHO LTDA,JUNDIAI,6,1995,Sociedade Limitada
35213156040,DUPLASTICO DE ITU INDUSTRIA DE ARTIGOS PLASTICOS LTDA,ITU,6,1995,Sociedade Limitada
35213156058,CESTAS DO ENCANTO DECORACOES LTDA,ITU,6,1995,Sociedade Limitada
35213156066,PRESTOVAC COMERCIO DE EQUIPAMENTOS LTDA.,SAO PAULO,6,1995,Sociedade Limitada
35213156074,A. ARAUJO CORRETORA DE SEGUROS LTDA.,SAO PAULO,6,1995,Sociedade Limitada
35213156082,DER TRANSPORTES LTDA,SAO JOAO DA BOA VISTA,6,1995,Sociedade Limitada
35213156091,"BRIMPEX IMPORTACAO, EXPORTACAO E SERVICOS LTDA",SANTO ANDRE,6,1995,Sociedade Limitada
35213156104,AHS - ENGENHARIA DE SISTEMAS LTDA.,SAO PAULO,6,1995,Sociedade Limitada
35213156112,NEO TEX INDUSTRIA E COMERCIO ATACADISTA DE LINHAS FIOS E AVIAMENTO LTDA.,POA,6,1995,Sociedade Limitada
35213156121,RESTAURANTE LANCHONETE E ROTISSERIE MEU CANTINHO LTDA.,GUARAREMA,6,1995,Sociedade Limitada
35213156139,CHINI REPRESENTACAO DE PRODUTOS ALIMENTICIOS LTDA,SANTA ADELIA,6,1995,Sociedade Limitada
35213156147,C & M INFORMATICA LTDA,SAO CARLOS,6,1995,Sociedade Limitada
35213156155,MARSON - INDUSTRIA COMERCIO E SERVICOS LTDA,LARANJAL PAULISTA,6,1995,Sociedade Limitada
35213156163,J.R. EMPREITEIRA E CONSTRUCAO CIVIL LTDA,SUMARE,6,1995,Sociedade Limitada
35213156171,MERCEARIA JORGE DEGRANDE LTDA,AMERICANA,6,1995,Sociedade Limitada
35213156180,"YANG STONE COMERCIO, IMPORTACAO, EXPORTACAO DE PEDRAS, JOIAS E BIJOUTERIAS LTDA",SAO PAULO,6,1995,Sociedade Limitada
35213156198,SOFEL ASSISTENCIA TECNICA EM INFORMATICA LTDA,SAO PAULO,6,1995,Sociedade Limitada
35213156201,OSMAR RENO COMERCIO DE OCULOS LTDA.,SANTO ANDRE,6,1995,Sociedade Limitada
35213156210,DISTRIBUIDORA DE FRUTAS COLMEIAS LTDA.,SAO PAULO,6,1995,Sociedade Limitada
35213156228,DISTRIBUIDORA PUR'AGUA LTDA.,SAO PAULO,6,1995,Sociedade Limitada
35213156236,WORK IMAGE COMERCIO E SERVICOS LTDA,BARUERI,6,1995,Sociedade Limitada
35213156244,BELLO'S ENXOVAIS LTDA.,FARTURA,6,1995,Sociedade Limitada
35213156252,"LANCAMENTO, COMERCIO E LOCADORA DE VIDEOS LTDA",GUARATINGUETA,6,1995,Sociedade Limitada
35213156261,J.C. DE LIMA & CARVALHO LTDA.,CERQUILHO,6,1995,Sociedade Limitada
35213156279,DARIVA & CIA LTDA,IACANGA,6,1995,Sociedade Limitada
35213156287,CASA DE ERVAS E ARTIGOS RELIGIOSOS REI NETUNO LTDA.,GUARULHOS,6,1995,Sociedade Limitada
35213156295,QUALY-FIO INDUSTRIA E COMERCIO DE MATERIAIS ELETRICOS LTDA,JANDIRA,6,1995,Sociedade Limitada
35213156309,TAMEZAVA & MARCONDES INFORMATICA LTDA,PIRAPOZINHO,6,1995,Sociedade Limitada
35213156317,PARO E BATISTELA LTDA,AMERICANA,6,1995,Sociedade Limitada
35213156325,TRIGOPLAST INDUSTRIA E COMERCIO LTDA.,EMBU,6,1995,Sociedade Limitada
35213156333,ISOLIMA ESTRURUTA METALICAS LTDA.,ARARAS,6,1995,Sociedade Limitada
35213156341,CECCON COMERCIO DE LIVROS LTDA.,ATIBAIA,6,1995,Sociedade Limitada
35213156350,SERGIO AUGUSTO RANGEL FRANCA & CIA LTDA,GUARATINGUETA,6,1995,Sociedade Limitada
35213156368,DISK ESFIHA PRAIA LTDA.,SANTOS,6,1995,Sociedade Limitada
35213156376,GIPLASPEL - EMBALAGENS E CARTONAGENS LTDA,SANTOS,6,1995,Sociedade Limitada
35213156384,NUTRI-SANTOS COMERCIO DE LATICINIOS LTDA.,SANTOS,6,1995,Sociedade Limitada
35213156406,DEDU'S BURGS LANCHONETE DELIVERY LTDA,SAO PAULO,6,1995,Sociedade Limitada
35213156414,NOVA ERA DESENVOLVIMENTO IMOBILIARIO LTDA,PRAIA GRANDE,6,1995,Sociedade Limitada
35213156422,NILTON ROBERTO GOMES E CIA LTDA,MOGI GUACU,6,1995,Sociedade Limitada
35213156431,SASIRO COMERCIO E DISTRIBUICAO LTDA.,SAO PAULO,6,1995,Sociedade Limitada
35213156449,ASSESSORIA MASSARI IMOBILIARIA REPRESENTACAO COMERCIAL E INFORMATICA LTDA.,ITAPIRA,6,1995,Sociedade Limitada
35213156457,DINA SOM VIDEO LTDA.,SANTA ISABEL,6,1995,Sociedade Limitada
35213156465,PLATAFORMA-PRODUCOES ARTISTICAS LTDA.,SAO PAULO,6,1995,Sociedade Limitada
35213156473,MULTI ESPACO COMERCIO DE PRODUTOS ARTESANAIS LTDA,SAO PAULO,6,1995,Sociedade Limitada
35213156481,AURIFRAM CONFECCOES E COMERCIO LTDA.,SAO PAULO,6,1995,Sociedade Limitada
35213156490,LIVRARIA ATLETICA COMERCIAL LTDA,MOGI DAS CRUZES,6,1995,Sociedade Limitada
35213156503,A W COMERCIO DE ROUPAS LTDA.,SAO PAULO,6,1995,Sociedade Limitada
35213156511,BAR E LANCHES TORCIDA DO AMELIA LTDA.,SAO PAULO,6,1995,Sociedade Limitada
35213156520,J.C.M. CARIMBOS LTDA.,SAO PAULO,6,1995,Sociedade Limitada
35213156538,MONTEPEL COMERCIO DE ARTIGOS PARA FESTA LTDA.,SAO PAULO,6,1995,Sociedade Limitada
35213156546,RAMOS FERREIRA E BARBOSA LTDA.,BOM JESUS DOS PERDOES,6,1995,Sociedade Limitada
35213156554,FUNDICAO CASTELLUCCI LTDA,PIRACICABA,6,1995,Sociedade Limitada
35213156562,JORGE TAKASHI SATA & CIA LTDA.,PIRACICABA,6,1995,Sociedade Limitada
35213156571,MORATTO & NOGUEIRA LTDA.,AGUAS DE SAO PEDRO,6,1995,Sociedade Limitada
35213156589,BARBOZA & VIEIRA LTDA.,SAO PEDRO,6,1995,Sociedade Limitada
35213156597,PONTINHO DOS PRESENTES BAURU LTDA.,BAURU,6,1995,Sociedade Limitada
35213156601,J. TOLVO COMERCIO E REPRESENTACOES LTDA.,SERTAOZINHO,6,1995,Sociedade Limitada
35213156619,GOFAPEL INDUSTRIA E COMERCIO DE PAPEIS LTDA.,COTIA,6,1995,Sociedade Limitada
35213156627,INSTITUTO DE IDIOMAS SAPOPEMBA LTDA,SAO PAULO,6,1995,Sociedade Limitada
35213156635,OLIVEIRA PNEUS DE SJCAMPOS LTDA.,SAO JOSE DOS CAMPOS,6,1995,Sociedade Limitada
35213156643,MADEPISOS BAURU MATERIAIS PARA CONSTRUCAO LTDA.,BAURU,6,1995,Sociedade Limitada
35213156651,AMBIEMAX TECNOLOGIA E SANEAMENTO LTDA.,BAURU,6,1995,Sociedade Limitada
35213156660,MICROFAX COMPUTADORES DE RIBEIRAO PRETO LTDA.,RIBEIRAO PRETO,6,1995,Sociedade Limitada
35213156678,LB COMERCIO CONFECCOES LTDA.,RIBEIRAO PRETO,6,1995,Sociedade Limitada
35213156686,BRTOUR AGENCIA DE VIAGENS E TURISMO LTDA,RIBEIRAO PRETO,6,1995,Sociedade Limitada
35213156694,MINERACAO TIBIRICA LTDA.,MARILIA,6,1995,Sociedade Limitada
35213156708,R E R COMERCIAL E CONSTRUCAO DE MARILIA LTDA,MARILIA,6,1995,Sociedade Limitada
35213156716,MARCIA VIDEO LOCADORA DE MARILIA LTDA.,MARILIA,6,1995,Sociedade Limitada
35213156724,FOUR PLASTIC MATRIZES E PLASTICOS LTDA,LIMEIRA,6,1995,Sociedade Limitada
35213156732,LEONARDO DA VINCI LTDA,SAO CAETANO DO SUL,6,1995,Sociedade Limitada
35213156741,CEREALISTA PAMPEANO IMPORTACAO E EXPORTACAO LTDA.,SAO JOSE DO RIO PRETO,6,1995,Sociedade Limitada
35213156759,KAT JACI REPRESENTACOES LTDA.,JACI,6,1995,Sociedade Limitada
35213156767,INDUSTRIA E COMERCIO DE ALUMINIO SOBERANO LTDA.,TANABI,6,1995,Sociedade Limitada
35213156775,GIL E LOSI LTDA.,SAO JOSE DO RIO PRETO,6,1995,Sociedade Limitada
35213156783,COMERCIAL SERAGUZA LTDA.,SAO JOSE DO RIO PRETO,6,1995,Sociedade Limitada
35213156791,HIDRAULICA POTY LTDA.,SAO JOSE DO RIO PRETO,6,1995,Sociedade Limitada
35213156805,KYRIOS CALCADOS LTDA.,FRANCA,6,1995,Sociedade Limitada
35213156813,G. M. PELLEGRINI & CIA LTDA.,UBATUBA,6,1995,Sociedade Limitada
35213156821,"TERRAE BRASILIS COMERCIO DE ARTEFATOS DE RESINA, PROMOCAOE EVENTOS LTDA.",SAO PAULO,6,1995,Sociedade Limitada
35213156830,ALTERNATIVA RESTAURANTE LTDA.,DUARTINA,6,1995,Sociedade Limitada
35213156848,"TRANSPOCAR COMERCIAL, DISTRIBUIDORA E INTERMEDIADORA DE NEGOCIOS LTDA.",SAO PAULO,6,1995,Sociedade Limitada
35213156856,LEIFCO DO BRASIL IMPORTACAO E EXPORTACAO LTDA,SAO PAULO,6,1995,Sociedade Limitada
35213156864,"ITAECA COMERCIO, IMPORTACAO, EXPORTACAO E REPRESENTACAO LTDA",SAO PAULO,6,1995,Sociedade Limitada
35213156872,C. WOLMER & CIA LTDA,COSMOPOLIS,6,1995,Sociedade Limitada
35213156881,CASTELOTTI & CASTELOTTI LTDA.,CESARIO LANGE,6,1995,Sociedade Limitada
35213156899,TRANS CARAGUA TURISMO LTDA,CARAGUATATUBA,6,1995,Sociedade Limitada
35213156902,ROPP CONFECCOES E EMBALAGENS LTDA,ANALANDIA,6,1995,Sociedade Limitada
35213156911,SILVA & PRADO PECAS LTDA,BOTUCATU,6,1995,Sociedade Limitada
35213156929,FAGIANI & MARSON LTDA.,CASA BRANCA,6,1995,Sociedade Limitada
35213156937,URGENCY IMPORT LTDA,SAO PAULO,6,1995,Sociedade Limitada
35213156945,WORLD ACTION IMPORTACAO EXPORTACAO LTDA.,SAO PAULO,6,1995,Sociedade Limitada
35213156953,MULTILEASE LOCACOES E CONSULTORIA LTDA.,POA,6,1995,Sociedade Limitada
35213156961,G.L. MAIA & CIA. LTDA.,,6,1995,Sociedade Limitada
35213156970,OTICA SUED COMERCIO IMPORTACAO E EXPORTACAO LTDA.,SAO PAULO,6,1995,Sociedade Limitada
35213156988,BAR E LANCHES CHICK POINT LTDA.,SAO PAULO,6,1995,Sociedade Limitada
35213156996,COMERCIO DE EMBALAGENS N.C. LTDA,SAO PAULO,6,1995,Sociedade Limitada
35213157003,YALOM ECCENTRIC COMERCIO DE METAIS LTDA.,SAO PAULO,6,1995,Sociedade Limitada
35213157011,REGINE'S TRADING IMPORTACAO E EXPORTACAO LTDA.,SAO PAULO,6,1995,Sociedade Limitada
35213157020,TERRAZZO REVESTIMENTOS E APLICACOES LTDA.,SAO PAULO,6,1995,Sociedade Limitada
35213157038,PEL CONSULTORIA LTDA.,SAO PAULO,6,1995,Sociedade Limitada
35213157046,RIOGRANDENSE COMERCIO DE ALIMENTOS LTDA.,SAO PAULO,6,1995,Sociedade Limitada
35213157054,G. O. THERM INDUSTRIA E COMERCIO DE RESISTENCIAS ELETRO INDUSTRIAIS LTDA.,SAO PAULO,6,1995,Sociedade Limitada
35213157062,CASA DE CARNES ABRAMI LTDA.,TATUI,6,1995,Sociedade Limitada
35213157071,CONSTRUTORA EDENGE LTDA.,SAO PAULO,6,1995,Sociedade Limitada
35213157089,LU LINGERIE E CONFECCOES LTDA.,SAO PAULO,6,1995,Sociedade Limitada
35213157097,SUPRIMAR ARTIGOS PARA ESCRITORIO E INFORMATICA LTDA.,SAO PAULO,6,1995,Sociedade Limitada
35213157101,SANTOS & SOUZA ADEGA LTDA,SANTOS,6,1995,Sociedade Limitada
35213157119,GRACINHA LOPES CONFECCOES LTDA,SAO PAULO,6,1995,Sociedade Limitada
35213157127,EMB WINNER - PARTICIPACOES ADMINISTRACAO E NEGOCIOS LTDA.,SAO PAULO,6,1995,Sociedade Limitada
35213157135,RESTAURANTE LUVICA LTDA,SAO PAULO,6,1995,Sociedade Limitada
35213157143,LOCALART PROMOCOES E EVENTOS LTDA,SUZANO,6,1995,Sociedade Limitada
35213157151,CONFECCOES COISA LINDA LTDA,GUARULHOS,6,1995,Sociedade Limitada
35213157160,FROHLICH SERVICOS AUXILIARES ADMINISTRATIVOS LTDA.,SAO PAULO,6,1995,Sociedade Limitada
35213157178,BAR E MERCEARIA DO TONHAO LTDA.,SAO PAULO,6,1995,Sociedade Limitada
35213157186,AQUATHERM SISTEMAS DE AQUECIMENTO LTDA.,SAO PAULO,6,1995,Sociedade Limitada
35213157194,PIZZARIA E RESTAURANTE FAMILIA MUZZARELLAS LTDA,SAO PAULO,6,1995,Sociedade Limitada
35213157208,MARTON INDUSTRIA E COMERCIO LTDA.,FERRAZ DE VASCONCELOS,6,1995,Sociedade Limitada
35213157216,NOVA PAULISTA COMERCIO DE BEBIDAS LTDA,SAO PAULO,6,1995,Sociedade Limitada
35213157224,HIGIMIL COMERCIO E HIGIENIZACAO DE IMOVEIS LTDA,SAO PAULO,6,1995,Sociedade Limitada
35213157232,SIQUEIRA & NATALI DE MATERIAIS DE CONSTRUCOES LTDA.,ITAPECERICA DA SERRA,6,1995,Sociedade Limitada
35213157241,ANDRADE COMERCIO E REPRESENTACAO LTDA,SAO PAULO,6,1995,Sociedade Limitada
35213157259,MARTILIANO E MOREIRA CONSTRUCOES E COMERCIO LTDA,SAO PAULO,6,1995,Sociedade Limitada
35213157267,2 M CONFECCOES LTDA,SAO PAULO,6,1995,Sociedade Limitada
35213157275,CENTRO DE ESTETICA CORPORAL AURORA ALVES S/C LTDA.,SANTO ANDRE,6,1995,Sociedade Limitada
35213157283,CONTATO COMERCIO E COMUNICACOES LTDA,SUMARE,6,1995,Sociedade Limitada
35213157291,PONTE DO THEJO REPRESENTACOES LTDA,SAO PAULO,6,1995,Sociedade Limitada
35213157305,METACON MATERIAIS PARA CONSTRUCAO LTDA.,ITANHAEM,6,1995,Sociedade Limitada
35213157313,"PIRAMIDE INDUSTRIA,COMERCIO E COLOCACAODE GESSO LTDA.",SAO PAULO,6,1995,Sociedade Limitada
35213157321,WMASTER SOLUCOES EM LINGUAGEM LTDA,SAO PAULO,6,1995,Sociedade Limitada
35213157330,GRAFXPRESS GRAFICAS RAPIDAS LTDA.,SAO PAULO,6,1995,Sociedade Limitada
35213157348,TECHNO TRANSPORTES LTDA,SAO PAULO,6,1995,Sociedade Limitada
35213157356,COTTEM COMERCIO E REPRESENTACOES DE BEBIDAS LTDA,SAO PAULO,6,1995,Sociedade Limitada
35213157364,J S S CONSTRUCAO LTDA,SAO PAULO,6,1995,Sociedade Limitada
35213157372,MB&F COMERCIO E CONSULTORIA DE INFORMATICA LTDA,SAO PAULO,6,1995,Sociedade Limitada
35213157381,ANTENAS IPIRANGA LTDA,SAO PAULO,6,1995,Sociedade Limitada
35213157399,VIEGASTONE COMERCIO E MANUTENCAO DE APARELHOS AUDITIVOS LTDA.,SAO PAULO,6,1995,Sociedade Limitada
35213157402,AGS - COBRANCAS LTDA,SAO PAULO,6,1995,Sociedade Limitada
35213157411,R.S.C. COMERCIO E SERVICOS DE INFORMATICA LTDA.,SANTO ANDRE,6,1995,Sociedade Limitada
35213157429,O ANCORADOURO JORNALISMO E EVENTOS LTDA.,ILHABELA,6,1995,Sociedade Limitada
35213157437,EJO CONSULTORIA DE INFORMATICA S/C LTDA.,POA,6,1995,Sociedade Limitada
35213157445,DELAMAIN COMERCIO E SERVICOS DE INFORMATICA LTDA,POA,6,1995,Sociedade Limitada
35213157453,COMANDO SERVICOS COMERCIO E VIGILANCIA LTDA.,SAO PAULO,6,1995,Sociedade Limitada
35213157461,CAROLINE AUTO PECAS E ACESSORIOS LTDA,SAO PAULO,6,1995,Sociedade Limitada
35213157470,ARTEFEITOS DESIGN E PUBLICIDADE LTDA,SAO PAULO,6,1995,Sociedade Limitada
35213157488,GEPOPLAN COMERCIO DE FORROS E DIVISORIAS LTDA,SAO PAULO,6,1995,Sociedade Limitada
35213157496,HJ INDUSTRIA E COMERCIO DE MATERIAIS PARA CONSTRUCAO LTDA,DESCALVADO,6,1995,Sociedade Limitada
35213157500,MINI MERCADO ICAPARA LTDA,IGUAPE,6,1995,Sociedade Limitada
35213157518,CASA DE CARNES E ROTISSERIE BOM GOSTO LTDA,BOCAINA,6,1995,Sociedade Limitada
35213157526,CUXIXO COMERCIO DE VEICULOS E REPRESENTACOES LTDA,JUNDIAI,6,1995,Sociedade Limitada
35213157534,S. MESTNIK CONFECCOES LTDA,SAO PAULO,6,1995,Sociedade Limitada
35213157542,PROAC PLANEJAMENTO ASSESSORIA INDUSTRIA E COMERCIO LTDA.,GUARATINGUETA,6,1995,Sociedade Limitada
35213157551,COMERCIAL DE ROUPAS FEITAS HF LTDA.,ITAPEVA,6,1995,Sociedade Limitada
35213157569,R. J. DE MORAES E MORAES LTDA,LORENA,6,1995,Sociedade Limitada
35213157577,DESCARTAVEL & CIA DE BAURU LTDA.,BAURU,6,1995,Sociedade Limitada
35213157585,ARCO-IRIS COMERCIO DE CALCADOS E CONFECCOES LTDA.,SAO BERNARDO DO CAMPO,6,1995,Sociedade Limitada
35213157593,"TARSIS COMERCIO, IMPORTACAO E EXPORTACAO LTDA.",SAO PAULO,6,1995,Sociedade Limitada
35213157607,LANCHONETE CHURRASCARIA PIQUERI II LTDA.,SAO PAULO,6,1995,Sociedade Limitada
35213157615,ATREVITA MODA INTIMA LTDA,SAO BERNARDO DO CAMPO,6,1995,Sociedade Limitada
35213157623,REDE DE SUPERMERCADOS IRMAOS SVIZZERO LTDA.,BAURU,6,1995,Sociedade Limitada
35213157631,MODEVALE MODELACAO JACAREI LTDA.,JACAREI,6,1995,Sociedade Limitada
35213157640,OPENDOOR HIGIENIZACAO DE VEICULOS LTDA,SAO PAULO,6,1995,Sociedade Limitada
35213157658,COBAL NICOLAU SUPERMERCADOS LTDA.,GUARULHOS,6,1995,Sociedade Limitada
35213157666,LUBBIC INDUSTRIA E COMERCIO LTDA.,SAO PAULO,6,1995,Sociedade Limitada
35213157674,MINI SACOLAO BETEL POPULAR LTDA,GUARULHOS,6,1995,Sociedade Limitada
35213157682,PADARIA BOM PASTOR LORENA LTDA.,LORENA,6,1995,Sociedade Limitada
35213157691,ANITA ARMANY COMERCIO DE ROUPAS LTDA.,SAO PAULO,6,1995,Sociedade Limitada
35213157704,INVEST BRASIL TRANSPORTES LTDA.,SAO PAULO,6,1995,Sociedade Limitada
35213157712,MAXIR E MAXIR TRANSPORTES LTDA,JAGUARIUNA,6,1995,Sociedade Limitada
35213157721,SANTO FERREIRA FILHO & CIA LTDA,SOROCABA,6,1995,Sociedade Limitada
35213157739,PINATI COMERCIAL LTDA,OSASCO,6,1995,Sociedade Limitada
35213157747,CENTER PHOCCOS COMERCIAL ELETRICA LTDA,OSASCO,6,1995,Sociedade Limitada
35213157755,SUPERMERCADO MARICO LTDA.,CARAPICUIBA,6,1995,Sociedade Limitada
35213157763,ESTRELLA BUFFET E ROTISSERIE LTDA,SAO PAULO,6,1995,Sociedade Limitada
35213157771,J.S. BASTOS & CIA LTDA,SAO JOSE DOS CAMPOS,6,1995,Sociedade Limitada
35213157780,"CHALE - COMERCIO, ADMINISTRACAO E LOCACAO DE BENS MOVEIS E IMOVEIS PROPRIOS LTDA.",GUARATINGUETA,6,1995,Sociedade Limitada
35213157798,JORF METAIS LTDA.,SAO PAULO,6,1995,Sociedade Limitada
35213157801,LANCHONETE CAMARO LTDA,SAO PAULO,6,1995,Sociedade Limitada
35213157810,"INTERSHOP - REVESTIMENTOS, IMPORTADORA E EXPORTADORA LTDA",SAO PAULO,6,1995,Sociedade Limitada
35213157828,TRANSVUP TRANSPORTES RODOVIARIOS LTDA,CAMPINAS,6,1995,Sociedade Limitada
35213157836,CENTRO DE RECREACAO INFANTIL GRADUADA LTDA,SAO PAULO,6,1995,Sociedade Limitada
35213157844,TECTIME INDUSTRIAL LTDA,MAUA,6,1995,Sociedade Limitada
35213157852,YELDING MODAS LTDA,SAO BERNARDO DO CAMPO,6,1995,Sociedade Limitada
35213157861,KARAKOLL DRINK'S SAUNA LTDA,SAO BERNARDO DO CAMPO,6,1995,Sociedade Limitada
35213157879,JULIPAX EMBALAGENS LTDA,SAO BERNARDO DO CAMPO,6,1995,Sociedade Limitada
35213157887,IN FOCO COMERCIAL DE PRODUTOS E SERVICOS FOTOGRAFICOS LTDA,OSASCO,6,1995,Sociedade Limitada
35213157895,SCALINATA RISTORANTE E PIZZERIA LTDA,SAO PAULO,6,1995,Sociedade Limitada
35213157909,MAGRICA & CACAU COMERCIO LTDA,SAO PAULO,6,1995,Sociedade Limitada
35213157917,POST PRESS GRAFICA E EDITORA LTDA.,SAO PAULO,6,1995,Sociedade Limitada
35213157925,AGROIVIPITA AGROPECUARIA IVIPITA LTDA.,SAO PAULO,6,1995,Sociedade Limitada
35213157933,NATU ESSENCIE COMERCIO DE PRODUTOS NATURAIS LTDA.,SAO PAULO,6,1995,Sociedade Limitada
35213157941,PANIFICADORA CAMINO REAL LTDA.,SAO PAULO,6,1995,Sociedade Limitada
35213157950,ART PAO BOTUCATU LTDA.,BOTUCATU,6,1995,Sociedade Limitada
35213157968,JUNGLE MUSIC BAR E LANCHONETE DE TUPA LTDA.,TUPA,6,1995,Sociedade Limitada
35213157976,MASTER HOME VIDEO LOCACAO E COMERCIO LTDA,SAO PAULO,6,1995,Sociedade Limitada
35213157984,KCR INFORMATICA LTDA.,PIRAPORA DO BOM JESUS,6,1995,Sociedade Limitada
35213157992,PISCINAS E CONSTRUCAO CIVIL KAMON LTDA,SAO PAULO,6,1995,Sociedade Limitada
35213158000,BAR E LANCHES CARLARMINDA LTDA,SAO PAULO,6,1995,Sociedade Limitada
35213158018,E.E.I. COMERCIO DE INFORMATICA LTDA,CAMPINAS,6,1995,Sociedade Limitada
35213158026,CAMAGOSTA PESCADOS DO CEARA IMPORTACAO E EXPORTACAO LTDA,SANTO ANDRE,6,1995,Sociedade Limitada
35213158034,UTENFRES COMERCIO IMPORTACAO E EXPORTACAO LTDA.,ITU,6,1995,Sociedade Limitada
35213158042,QUALITAS ENGENHARIA LTDA.,SAO JOSE DOS CAMPOS,6,1995,Sociedade Limitada
35213158051,AGROPECUARIA GUARAJUS LTDA.,SAO PAULO,6,1995,Sociedade Limitada
35213158069,LEMI TRANSPORTES LTDA.,SAO PAULO,6,1995,Sociedade Limitada
35213158077,CENTRAL PLANALTO COMERCIAL LTDA.,ITAPECERICA DA SERRA,6,1995,Sociedade Limitada
35213158085,RINACY COMERCIO DE PRODUTOS GRAFICOS LTDA,RIBEIRAO PIRES,6,1995,Sociedade Limitada
35213158093,NEJBER REPRESENTACAO COMERCIAL LTDA,SAO PAULO,6,1995,Sociedade Limitada
35213158107,MAMANINI RESTAURANTE LTDA.,SAO PAULO,6,1995,Sociedade Limitada
35213158115,TDS TINTAS INDUSTRIA E COMERCIO LTDA.,MAIRINQUE,6,1995,Sociedade Limitada
35213158123,MEICHANS BAR LTDA.,SOROCABA,6,1995,Sociedade Limitada
35213158131,XTOPRESS SERVICOS OPERACIONAIS GRAFICOS LTDA,SANTANA DE PARNAIBA,6,1995,Sociedade Limitada
35213158140,INTERFIT COMERCIO E SERVICOS DE ARTIGOS ESPORTIVOS LTDA,SAO BERNARDO DO CAMPO,6,1995,Sociedade Limitada
35213158158,ARARA EMPREITEIRA DE OBRAS LTDA.,SAO BERNARDO DO CAMPO,6,1995,Sociedade Limitada
35213158166,MARCAR-CENTRO AUTOMOTIVO LTDA.,SAO PAULO,6,1995,Sociedade Limitada
35213158174,TECFIOS COMERCIO DE FIOS E TECIDOS LTDA.,SAO PAULO,6,1995,Sociedade Limitada
35213158182,EMOTION PERFUMARIA LTDA,SAO PAULO,6,1995,Sociedade Limitada
35213158191,BAR E RESTAURANTE BOMBOCADO LTDA.,SAO PAULO,6,1995,Sociedade Limitada
35213158204,QUITANDA E MERCEARIA J.S. LTDA.,GUARULHOS,6,1995,Sociedade Limitada
35213158212,STECO FACTORING-FOMENTO MERCANTIL LTDA.,SAO PAULO,6,1995,Sociedade Limitada
35213158221,DELICIAS DA AURELIA ROTISSERIA E DOCERIA LTDA.,SAO PAULO,6,1995,Sociedade Limitada
35213158239,USINAGEM TIMPONE LTDA,JUNDIAI,6,1995,Sociedade Limitada
35213158247,TRANSPORTADORA TONELLI LTDA.,JUNDIAI,6,1995,Sociedade Limitada
35213158255,MULTICORES COMERCIO DE EMBALAGENS LTDA.,SAO PAULO,6,1995,Sociedade Limitada
35213158263,GOOD LUCK ARTIGOS PARA PRESENTES EM GERAL LTDA.,SAO PAULO,6,1995,Sociedade Limitada
35213158298,JEQUITIBA AGENCIA LITERARIA LTDA.,SAO PAULO,6,1995,Sociedade Limitada
35213158301,BELL PLAST INDUSTRIA E COMERCIO DE PLASTICOS LTDA,EMBU-GUACU,6,1995,Sociedade Limitada
35213158310,ATELIER DESIGNER E CONFECCOES DE CAIXAS DE PAPELAO LTDA,SAO PAULO,6,1995,Sociedade Limitada
35213158328,TRANS - SRAMIRA TRANSPORTES RODOVIARIOS LTDA,SANTOS,6,1995,Sociedade Limitada
35213158336,CONFECCOES ATA SUL LTDA.,SAO PAULO,6,1995,Sociedade Limitada
35213158344,MYUNG HYUN TRADING LTDA.,SAO PAULO,6,1995,Sociedade Limitada
35213158352,ANTICO PEIXOTO LUCAS & CIA. LTDA.,SUMARE,6,1995,Sociedade Limitada
35213158361,L.F.L. REPRESENTACOES DE ITAPOLIS LTDA,ITAPOLIS,6,1995,Sociedade Limitada
35213158379,BAR E LANCHONETE QUAGLIO & DIBBERN LTDA,CAMPINAS,6,1995,Sociedade Limitada
35213158387,ROSSI E FERREIRA REPRESENTACOES LTDA,SUMARE,6,1995,Sociedade Limitada
35213158476,GABANTEX INDUSTRIA E COMERCIO DE TECIDOS LTDA.,OSASCO,6,1995,Sociedade Limitada
35213158484,DI-PRIMO DISTRIBUIDORA DE AGUA MINERAL LTDA.,OSASCO,6,1995,Sociedade Limitada
35213158492,AGA MAGAZINE LTDA.,SAO PAULO,6,1995,Sociedade Limitada
35213158506,DS-ARTEFATOS DE METAIS LTDA.,DIADEMA,6,1995,Sociedade Limitada
35213158514,AVON INDUSTRIAL LTDA.,SAO PAULO,6,1995,Sociedade Limitada
35213158522,MARCELO MARTINS COMERCIO E REPRESENTACAO LTDA,JUNDIAI,6,1995,Sociedade Limitada
35213158531,OUR KIDS CONFECCOES LTDA.,CAMPINAS,6,1995,Sociedade Limitada
35213158549,TRANSIT DESPACHO ADUANEIRO E CARGA LTDA,CAMPINAS,6,1995,Sociedade Limitada
35213158557,CHIARELLI & COUTINHO COMERCIO E REPRESENTACOES LTDA.,CAMPINAS,6,1995,Sociedade Limitada
35213158565,BARBOSA E MIAZZO LTDA,CAMPINAS,6,1995,Sociedade Limitada
35213158573,INTERLETRO - MANUTENCAO DE EQUIPAMENTO MEDICO - HOSPITALAR LTDA,CAMPINAS,6,1995,Sociedade Limitada
35213158581,ISHIHARA & ASHIHARA LTDA.,SUMARE,6,1995,Sociedade Limitada
35213158590,MULTYMIL INFORMATICA LTDA,SAO PAULO,6,1995,Sociedade Limitada
35213158603,FUFER LTDA,SANTA BARBARA D'OESTE,6,1995,Sociedade Limitada
35213158611,FERLENE - TRANSPORTES LTDA.,SAO PAULO,6,1995,Sociedade Limitada
35213158620,ASTRAL COMERCIO E DISTRIBUIDORA DE COSMETICOS LTDA-ME,DIADEMA,6,1995,Sociedade Limitada
35213158638,"TNDE MONTAGENS, INSTALACOES INDUSTRIAIS E COMERCIAIS LTDA",DIADEMA,6,1995,Sociedade Limitada
35213158646,T. B. VITORIA LANCHONETE LTDA,SAO BERNARDO DO CAMPO,6,1995,Sociedade Limitada
35213158654,NEW FACE CONVENIENCIA LTDA.,SOROCABA,6,1995,Sociedade Limitada
35213158662,VITORIA DOCES E SALGADOS LTDA,SAO PAULO,6,1995,Sociedade Limitada
35213158671,"PRINT WAY INDUSTRIA GRAFICA, EDITORA LTDA.",SAO PAULO,6,1995,Sociedade Limitada
35213158689,J.K. OLIVEIRA MERCEARIA LTDA,CAMPINAS,6,1995,Sociedade Limitada
35213158697,MERCEARIA VITURINO LTDA,SAO BERNARDO DO CAMPO,6,1995,Sociedade Limitada
35213158701,MIRIAM ABE COMERCIO LTDA.,SAO PAULO,6,1995,Sociedade Limitada
35213158719,EXPRESSO PALMAS TRANSPORTES E LOGISTICA LTDA.,GUARULHOS,6,1995,Sociedade Limitada
35213158727,PET SHOP MEDEIROS LTDA.,VOTUPORANGA,6,1995,Sociedade Limitada
35213158735,N & N CONFECCOES LTDA.,SAO PAULO,6,1995,Sociedade Limitada
35213158743,DENISE ALVES COVAS & CIA LTDA.,PIRACAIA,6,1995,Sociedade Limitada
35213158751,LUVE COMERCIO E REPRESENTACAO LTDA.,CAMPINAS,6,1995,Sociedade Limitada
35213158760,BAM-BAM COMERCIO DE DOCES E SALGADOS LTDA.,SUMARE,6,1995,Sociedade Limitada
35213158778,VICHR LOPES TERMOMETALICA COMERCIAL E CONSTRUTORA LTDA.,CAMPINAS,6,1995,Sociedade Limitada
35213158786,R BARBOSA VIDAL & CIA LTDA.,JACAREI,6,1995,Sociedade Limitada
35213158794,COMERCIO GRAFICO 1000 ARTES LTDA.,DIADEMA,6,1995,Sociedade Limitada
35213158808,VIRAGO MODAS LTDA.,SAO CAETANO DO SUL,6,1995,Sociedade Limitada
35213158816,PRODUCAO VISUAL LTDA.,SAO PAULO,6,1995,Sociedade Limitada
35213158824,A & S - EQUIPAMENTOS DE INFORMATICA LTDA,SAO VICENTE,6,1995,Sociedade Limitada
35213158832,IMPERIAL COMERCIO DE FERRO E ACO LTDA.,CARAPICUIBA,6,1995,Sociedade Limitada
35213158841,"LUCIO DIAS PERFUMARIA, COSMETICOS E PRESENTES LTDA.",TAUBATE,6,1995,Sociedade Limitada
35213158859,SAMPASUL ASSESSORIA E SERVICOS EMPRESARIAIS LTDA,SAO PAULO,6,1995,Sociedade Limitada
35213158867,M.P. PRODUTOS CIRURGICO LTDA.,ATIBAIA,6,1995,Sociedade Limitada
35213158875,AGROLOPES COMERCIO DE PRODUTOS AGROPECUARIOS LTDA,ITU,6,1995,Sociedade Limitada
35213158883,EXTINREAL EQUIPAMENTOS CONTRA INCENDIO LTDA.,SAO PAULO,6,1995,Sociedade Limitada
35213158948,BLUE AGE COMERCIO DE ROUPAS LTDA.,SAO PAULO,6,1995,Sociedade Limitada
35213158999,DEPARE COMERCIO DE BEBIDAS LTDA,PIRACICABA,6,1995,Sociedade Limitada
35213159006,GRADIN EMPREENDIMENTOS IMOBILIARIOS E AGROPECUARIA LTDA,ITIRAPINA,6,1995,Sociedade Limitada
35213159103,R.C.VIDEO LOCADORA E COMERCIO LTDA.,GUARULHOS,6,1995,Sociedade Limitada
35213159111,BAR MELLOW C LTDA.,PIRACICABA,6,1995,Sociedade Limitada
35213159120,COMERCIAL ZATTAR RIBEIRO LTDA,SAO PAULO,6,1995,Sociedade Limitada
35213159138,LANCHONETE E BAR ZEZITO LTDA.,SAO PAULO,6,1995,Sociedade Limitada
35213159146,RIO PRETO PRODUTOS SIDERURGICOS LTDA.,SAO JOSE DO RIO PRETO,6,1995,Sociedade Limitada
35213159154,CONFECCOES SHOR LTDA,BRAGANCA PAULISTA,6,1995,Sociedade Limitada
35213159162,ALUAP FRIOS E LATICINIOS LTDA.,DIADEMA,6,1995,Sociedade Limitada
35213159171,MPK COMERCIO DE PECAS E ACESSORIOS LTDA,OSASCO,6,1995,Sociedade Limitada
35213159189,MOTOCICLETAS LTDA.,SAO PAULO,6,1995,Sociedade Limitada
35213159197,INTER SUL VEICULOS LTDA.,SAO PAULO,6,1995,Sociedade Limitada
35213159201,NINHO DA GULA LANCHONETE LTDA,SAO PAULO,6,1995,Sociedade Limitada
35213159219,MAGWITZ COMERCIO E REPRESENTACOES LTDA.,SAO PAULO,6,1995,Sociedade Limitada
35213159227,ROTISSERIE DA GUIDA LTDA,RIO CLARO,6,1995,Sociedade Limitada
35213159243,PARRILHADA COMERCIO DE CARNES E FRIOS LTDA.,SAO PAULO,6,1995,Sociedade Limitada
35213159251,CAFE CENTRAL LESTE LTDA,SAO PAULO,6,1995,Sociedade Limitada
35213159260,LANCHONETE PISANI LTDA.,SAO BERNARDO DO CAMPO,6,1995,Sociedade Limitada
35213159278,JCS INFORMATICA LTDA,SAO MANUEL,6,1995,Sociedade Limitada
35213159286,MERCEARIA DEGUI NENE LTDA,GUARULHOS,6,1995,Sociedade Limitada
35213159294,RUFFY VIDEO LOCADORA E COMERCIO LTDA,GUARULHOS,6,1995,Sociedade Limitada
35213159308,MINI MERCADO PARQUE CONTINENTAL LTDA,GUARULHOS,6,1995,Sociedade Limitada
35213159316,PARRA E SILVEIRA LTDA.,SOROCABA,6,1995,Sociedade Limitada
35213159324,CLAUDIO JOSE TEIXEIRA FORTES E CIA LTDA,BOTUCATU,6,1995,Sociedade Limitada
35213159332,G & S COMERCIO E REPRESENTACAO LTDA.,SANTO ANDRE,6,1995,Sociedade Limitada
35213159341,LANCHONETE LEGALYSE'S LTDA.,SAO BERNARDO DO CAMPO,6,1995,Sociedade Limitada
35213159359,DROGARIA MARTINS E RIBEIRO LTDA.,JACAREI,6,1995,Sociedade Limitada
35213159367,LATICINIOS VILA MATHIAS LTDA.,SANTOS,6,1995,Sociedade Limitada
35213159375,ARTIGOS PARA PRESENTES MARCONDES & GOUVEA - TAUBATE LTDA.,TAUBATE,6,1995,Sociedade Limitada
35213159383,BASS-UREL MANUFATURAS EM COURO LTDA.,FRANCA,6,1995,Sociedade Limitada
35213159391,IVONE BARBOSA SIQUEIRA & CIA LTDA,FRANCA,6,1995,Sociedade Limitada
35213159405,RESTAURANTE APETITTO LTDA.,FRANCA,6,1995,Sociedade Limitada
35213159413,FERRETTO INDUSTRIA E COMERCIO DE CALCADOS LTDA.,FRANCA,6,1995,Sociedade Limitada
35213159421,ANTONIO FLORENCIO DA SILVA & CIA LTDA.,FRANCA,6,1995,Sociedade Limitada
35213159430,L. T. M. COMERCIO E SERVICOS LTDA.,BARUERI,6,1995,Sociedade Limitada
35213159448,LISARB INDUSTRIA E COMERCIO DE PLACAS E ARTEFATOS LTDA.,RIBEIRAO PRETO,6,1995,Sociedade Limitada
35213159456,PRONTOLAR-COMERCIAL LTDA.,CAJURU,6,1995,Sociedade Limitada
35213159464,OPSON ABC SOM E ACESSORIOS LTDA.,SAO CAETANO DO SUL,6,1995,Sociedade Limitada
35213159472,INDUSMOL INDUSTRIA DE MOLAS E ARAMADOS LTDA.,SANTO ANDRE,6,1995,Sociedade Limitada
35213159588,PONTE PRESTACAO DE SERVICOS EM EQUIPAMENTOS ELETRO ELE-TRONICOS LTDA.,SAO PAULO,6,1995,Sociedade Limitada
35213159596,ARJOB SISTEMAS DE DADOS LTDA,SAO PAULO,6,1995,Sociedade Limitada
35213159600,MAC DAY INDUSTRIA E COMERCIO DE ROUPAS LTDA.,SAO PAULO,6,1995,Sociedade Limitada
35213159618,HIGHSALES REPRESENTACOES LTDA.,SAO BERNARDO DO CAMPO,6,1995,Sociedade Limitada
35213159626,BAR E LANCHES CHABOCAO VIOLA LTDA.,SAO BERNARDO DO CAMPO,6,1995,Sociedade Limitada
35213159634,T.F.C. REPRESENTACOES LTDA.,SAO PAULO,6,1995,Sociedade Limitada
35213159642,DEMOLIDORA A GLOBO LTDA.,COTIA,6,1995,Sociedade Limitada
35213159651,RECANTO DOS SONHOS BOMBONIERE LTDA.,SAO PAULO,6,1995,Sociedade Limitada
35213159669,LENHARO & MAKHOUL LTDA.,BAURU,6,1995,Sociedade Limitada
35213159677,HOSPEDARIA MYTHOS LTDA,SAO PAULO,6,1995,Sociedade Limitada
35213159685,BAPTISTA E MAGNI BAZAR E PAPELARIA LTDA.,COTIA,6,1995,Sociedade Limitada
35213159839,PLACA NOVA COMERCIO DE DIVISORIAS LTDA.,SAO PAULO,6,1995,Sociedade Limitada
35213159847,COMERCIAL J & L SERVICOS LTDA.,SAO PAULO,6,1995,Sociedade Limitada
35213159855,G&V TURISMO COMERCIO E LOCACAO APARELHOS CELULARES LTDA,SAO PAULO,6,1995,Sociedade Limitada
35213159863,LEQUE EMPREENDIMENTOS IMOBILIARIOS E PARTICIPACOES LTDA.,SAO PAULO,6,1995,Sociedade Limitada
35213159871,R.K.R.INDUSTRIA E COMERCIO DE BIJOUTERIAS LTDA.,LIMEIRA,6,1995,Sociedade Limitada
35213159880,GCN ENGENHARIA ELETRICA E HIDRAULICA LTDA,SAO PAULO,6,1995,Sociedade Limitada
35213159898,A J COMERCIO DE CARNES LTDA.,SAO PAULO,6,1995,Sociedade Limitada
35213159901,UNIVERSAL TURBOS COMERCIO E RECUPERACAO DE PECAS LTDA.,SAO CAETANO DO SUL,6,1995,Sociedade Limitada
35213159910,PANIFICADORA PRINCESA DO CATIAPOA LTDA.,SAO VICENTE,6,1995,Sociedade Limitada
35213159928,BLUE POINT JOALHEIROS LTDA.,SAO PAULO,6,1995,Sociedade Limitada
35213159936,KASHI - SERVICOS AUXILIARES DO COMERCIO LTDA.,SAO PAULO,6,1995,Sociedade Limitada
35213160047,PAPELARIA E LIVRARIA HEISEI LTDA.,SAO PAULO,6,1995,Sociedade Limitada
35213160055,AJCL BAR E LANCHES LTDA.,SAO PAULO,6,1995,Sociedade Limitada
35213160063,LAV LESTE LAVANDERIA LTDA.,SAO PAULO,6,1995,Sociedade Limitada
35213160071,"BAR, CONFEITARIA, SORVETERIA FERRONE & CARDOSO LTDA.",JARDINOPOLIS,6,1995,Sociedade Limitada
35213160080,TWINKLE'S ASSESSORIA DE SERVICOS ADMINISTRACAO E PARTICIPACOES LTDA.,SAO PAULO,6,1995,Sociedade Limitada
35213160098,VELOZO LORENZATO COMERCIO E REPRESENTACOES LTDA.,RIBEIRAO PRETO,6,1995,Sociedade Limitada
35213160101,LEGENDA COMERCIO DE LIVROS LTDA.,RIBEIRAO PRETO,6,1995,Sociedade Limitada
35213160110,KYRY COMERCIO DE MAQUINAS PARA ESCRITORIO LTDA,SAO PAULO,6,1995,Sociedade Limitada
35213160128,VITORIA RECURSOS HUMANOS LTDA.,SAO PAULO,6,1995,Sociedade Limitada
35213160136,"RAFKA INDUSTRIA, COMERCIO E EXPORTACAO LTDA.",SAO PAULO,6,1995,Sociedade Limitada
35213160144,ALPHA ABC - SERVICOS DE ALIMENTACAO LTDA.,SAO BERNARDO DO CAMPO,6,1995,Sociedade Limitada
35213160152,MILANI & MILANI COMERCIO E TRANSPORTES DE HORTIFRUTI LTDA.,ELIAS FAUSTO,6,1995,Sociedade Limitada
35213160161,NEXT AUTOMACAO INDUSTRIAL LTDA.,LIMEIRA,6,1995,Sociedade Limitada
35213160179,BULLIT FILMES COMERCIAL & SERVICOS LTDA.,CAMPINA DO MONTE ALEGRE,6,1995,Sociedade Limitada
35213160187,E F TEXTIL E ARMARINHOS LTDA,SAO PAULO,6,1995,Sociedade Limitada
35213160195,LOTTON INFORMATICA LTDA.,GUARULHOS,6,1995,Sociedade Limitada
35213160209,GARDEM DE GUARULHOS VIDEO LOCADORA LTDA.,GUARULHOS,6,1995,Sociedade Limitada
35213160217,DICAR RESTAURACAO DE VEICULOS LTDA.,SAO PAULO,6,1995,Sociedade Limitada
35213160225,P & R CONFECCOES LTDA.,SAO PAULO,6,1995,Sociedade Limitada
35213160233,D. MENDONCA COMERCIAL & SERVICOS LTDA.,CAMPINA DO MONTE ALEGRE,6,1995,Sociedade Limitada
35213160241,LERE REPRESENTACOES COMERCIAIS LTDA.,SANTO ANDRE,6,1995,Sociedade Limitada
35213160250,COMARGRAF ARTES GRAFICAS LTDA.,COTIA,6,1995,Sociedade Limitada
35213160268,DAVI COMERCIO DE JOIAS E SERVICOS LTDA,SAO PAULO,6,1995,Sociedade Limitada
35213160276,ONOFRE & SILVA EMPREITEIRA LTDA.,SAO PAULO,6,1995,Sociedade Limitada
35213160284,ZAP CONFECCOES LTDA.,PIRAJUI,6,1995,Sociedade Limitada
35213160292,CUMARI REFEICOES LTDA,SAO PAULO,6,1995,Sociedade Limitada
35213160306,JORSE REPRESENTACOES LTDA.,SANTANA DE PARNAIBA,6,1995,Sociedade Limitada
35213160314,COMERCIAL JOSE BONIFACIO LTDA.,SAO PAULO,6,1995,Sociedade Limitada
35213160322,GASCAR - VEICULOS LTDA.,SAO PAULO,6,1995,Sociedade Limitada
35213160331,CHURRASQUINHOS H.G. LTDA.,OSASCO,6,1995,Sociedade Limitada
35213160349,LANCHONETE E CHOPERIA LOURENCO E GONZALEZ LTDA,CAMPINAS,6,1995,Sociedade Limitada
35213160357,QUATRO JMC MERCEARIA LTDA.,SAO PAULO,6,1995,Sociedade Limitada
35213160365,COMERCIO DE VIDROS S S LTDA,SAO JOSE DOS CAMPOS,6,1995,Sociedade Limitada
35213160373,NUCLEO RECREATIVO E.I. TURMA DO CHICO BENTO LTDA,SAO PAULO,6,1995,Sociedade Limitada
35213160381,MARCENARIA MILENIO LTDA.,AMERICANA,6,1995,Sociedade Limitada
35213160390,TRANSPORTADORA FUTURA LTDA.,AMERICANA,6,1995,Sociedade Limitada
35213160403,SANDEG ADMINISTRADORA DE IMOVEIS LTDA,AMERICANA,6,1995,Sociedade Limitada
35213160411,TEXTIL NSA. SENHORA DE SCHOENSTATT LTDA.,SANTA BARBARA D'OESTE,6,1995,Sociedade Limitada
35213160420,REMALTEC INSTALACOES INDUSTRIAIS LTDA.,AMERICANA,6,1995,Sociedade Limitada
35213160438,COSIMI INSTALACOES E MONTAGENS INDUSTRIAIS LTDA,AMERICANA,6,1995,Sociedade Limitada
35213160446,LEVISSIMA COMERCIO DE AGUAS MINERAIS LTDA.,BIRITIBA-MIRIM,6,1995,Sociedade Limitada
35213160454,CAETANO & MANIKA LTDA.,APIAI,6,1995,Sociedade Limitada
35213160462,ALMEIDA'S CANTINA LTDA.,SAO PAULO,6,1995,Sociedade Limitada
35213160471,RESTAURANTE PRESIDENTE DE V. PLANALTO LTDA.,SAO BERNARDO DO CAMPO,6,1995,Sociedade Limitada
35213160489,L'AVALON COMERCIO E REPRESENTACOES LTDA.,CAMPINAS,6,1995,Sociedade Limitada
35213160497,COMERCIAL LARMODERNO LTDA.,SERRANA,6,1995,Sociedade Limitada
35213160501,MAGALI E HELENA COMERCIAL E SERVICOS LTDA.,RIBEIRAO PRETO,6,1995,Sociedade Limitada
35213160519,MC CAR PECAS E SERVICOS LTDA.,RIBEIRAO PRETO,6,1995,Sociedade Limitada
35213160527,COLEGIO ALVORADA ORGANIZACAO DE ENSINO LTDA,RIBEIRAO PRETO,6,1995,Sociedade Limitada
35213160535,W.F. MUNDIAL INFORMATICA LTDA,RIBEIRAO PRETO,6,1995,Sociedade Limitada
35213160543,AMERICA LANCHES PIRACICABA LTDA,PIRACICABA,6,1995,Sociedade Limitada
35213160551,MACIEL WOODWORK INDUSTRIA E COMERCIO DE MOVEIS LTDA.,SAO PAULO,6,1995,Sociedade Limitada
35213160560,DELMISS CONFECCOES LTDA.,CAMPINAS,6,1995,Sociedade Limitada
35213160578,VERSATIL SERVICOS EMPRESARIAIS LTDA,CAMPINAS,6,1995,Sociedade Limitada
35213160586,"SAUDE INFORMATIZADA-COMERCIO, REPRESENTACAO E SERVICOS LTDA.",CAMPINAS,6,1995,Sociedade Limitada
35213160594,TECVEND REPRESENTACAO E COMERCIO LTDA.,SAO PAULO,6,1995,Sociedade Limitada
35213160608,NELU'S COMERCIO E PRESTACAO DE SERVICOS LTDA,SANTOS,6,1995,Sociedade Limitada
35213160616,VIDEOLOCADORA - KIVIDEO & GAME LTDA.,PRAIA GRANDE,6,1995,Sociedade Limitada
35213160624,S. B. SERRALHEIRA LTDA.,SOROCABA,6,1995,Sociedade Limitada
35213160632,MULTI BLOCOS MATERIAIS PARA CONSTRUCAO LTDA.,RIBEIRAO PIRES,6,1995,Sociedade Limitada
35213160641,HORTIFRUTI CAMPESTRE LTDA.,SAO PAULO,6,1995,Sociedade Limitada
35213160659,OTICA RAI LTDA.,SAO PAULO,6,1995,Sociedade Limitada
35213160667,DECORACOES MADAGASCAR LTDA.,SAO PAULO,6,1995,Sociedade Limitada
35213160675,MPINGO COMERCIO DE MOVEIS LTDA,SAO PAULO,6,1995,Sociedade Limitada
35213160683,FLORICULTURA E ARTESANATO GORDO & MAGRO LTDA.,SAO PAULO,6,1995,Sociedade Limitada
35213160691,A.MICHELI-COMERCIO E REPRESENTACOES LTDA.,SAO PAULO,6,1995,Sociedade Limitada
35213160705,E.PINCIGHER COMERCIAL & SERVICOS LTDA,CAMPINA DO MONTE ALEGRE,6,1995,Sociedade Limitada
35213160713,COMFORT EMPREENDIMENTOS IMOBILIARIOS E PARTICIPACOES LTDA,SAO PAULO,6,1995,Sociedade Limitada
35213160721,HOSPEDARIA BARAO MINAS LTDA.,SAO PAULO,6,1995,Sociedade Limitada
35213160730,SUCPOLP COMERCIO DE POLPAS DE FRUTAS LTDA.,SAO PAULO,6,1995,Sociedade Limitada
35213160748,AUDICAR AUTO MECANICA LTDA.,POA,6,1995,Sociedade Limitada
35213160756,SISTEMA BUSINESS LTDA.,TAUBATE,6,1995,Sociedade Limitada
35213160764,MOREIRA & ARAUJO MOREIRA LTDA,TAUBATE,6,1995,Sociedade Limitada
35213160772,MIL FRITAS INDUSTRIA E COMERCIO DE PRODUTOS ALIMENTICIOS LTDA.,TAUBATE,6,1995,Sociedade Limitada
35213160781,P. L. EMPREENDIMENTOS PARTICIPACOES E SERVICOS LTDA.,TAUBATE,6,1995,Sociedade Limitada
35213161108,IGLU COMERCIAL MATERIAIS PARA CONSTRUCOES LTDA.,SAO PAULO,6,1995,Sociedade Limitada
35213161116,CASA DE CHA OS OSIRIANOS LTDA.,SAO PAULO,6,1995,Sociedade Limitada
35213161124,900 MULTIMIDIA-TECNOLOGIA E COMUNICACOES LTDA.,SAO PAULO,6,1995,Sociedade Limitada
35213161132,VARESGO - INDUSTRIAL LTDA.,SERTAOZINHO,6,1995,Sociedade Limitada
35213161141,MIDPOINT ASSESSORIA E PROJETOS LTDA.,RIBEIRAO PRETO,6,1995,Sociedade Limitada
35213161159,FOGACA & LIMA REPRESENTACOES LTDA.,IPERO,6,1995,Sociedade Limitada
35213161167,EUGENIO SERVICOS DE ADMINISTRACAO DE BENS LTDA,SOROCABA,6,1995,Sociedade Limitada
35213161175,MANANCIAL COMERCIO DE ROUPAS LTDA.,SAO PAULO,6,1995,Sociedade Limitada
35213161183,L.P.L. LIGHTING PRODUCTIONS LTDA.,VARGEM GRANDE PAULISTA,6,1995,Sociedade Limitada
35213161191,BIOSPHERA AGENCIA DE VIAGENS E TURISMO LTDA.,SAO PAULO,6,1995,Sociedade Limitada
35213161205,DEVEMADA ENGENHARIA LTDA.,MOGI DAS CRUZES,6,1995,Sociedade Limitada
35213161213,MATRIZA MOLDES LTDA.,SAO BERNARDO DO CAMPO,6,1995,Sociedade Limitada
35213161221,COMERCIO DE AGUA MINERAL MAUA LTDA,MAUA,6,1995,Sociedade Limitada
35213161230,TECHNET COMERCIO E SERVICOS LTDA,SAO JOSE DOS CAMPOS,6,1995,Sociedade Limitada
35213161248,RADICA-COMERCIO E MARCENARIA LTDA,MOGI DAS CRUZES,6,1995,Sociedade Limitada
35213161256,UNIARTE UNIFORMES PERSONALIZADOS LTDA.,SAO PAULO,6,1995,Sociedade Limitada
35213161264,HOSPEDARIA CASA GRANDE LTDA,SAO PAULO,6,1995,Sociedade Limitada
35213161272,ASSIST - FOMENTO MERCANTIL LTDA,SAO PAULO,6,1995,Sociedade Limitada
35213161281,TEMPERSIL COMERCIO DE VIDROS E CRISTAIS LTDA.,COTIA,6,1995,Sociedade Limitada
35213161299,BOMBONIERE E SORVETERIA DORA-NEY LTDA.,SAO PAULO,6,1995,Sociedade Limitada
35213161302,COMERCIAL RIBEIRO LTDA.,SAO PAULO,6,1995,Sociedade Limitada
35213161311,OLIVEIRA & FLORENCE DE OLIVEIRA LTDA.,SAO JOSE DOS CAMPOS,6,1995,Sociedade Limitada
35213161329,FLORENCE DE OLIVEIRA & OLIVEIRA LTDA.,SAO JOSE DOS CAMPOS,6,1995,Sociedade Limitada
35213161337,ULTRA RAPIDO NORONHA LTDA,SAO PAULO,6,1995,Sociedade Limitada
35213161345,DOCELATE COMERCIO DE PRODUTOS ALIMENTICIOS LTDA,SAO BERNARDO DO CAMPO,6,1995,Sociedade Limitada
35213161353,SERRALHERIA TUCANO LTDA,SAO PAULO,6,1995,Sociedade Limitada
35213161361,ORION COMERCIO DE PRODUTOS NATURAIS LTDA.,EMBU,6,1995,Sociedade Limitada
35213161370,MAANAIM CORRETORA DE SEGUROS & CONSULTORIA DE INFORMATICA LTDA.,CAMPINAS,6,1995,Sociedade Limitada
35213161388,"MOLIMATEC MONTAGENS, LIMPEZA, MANUTENCAO INDUSTRIAL E COMERCIO LTDA.",CAMPINAS,6,1995,Sociedade Limitada
35213161396,JULIS CONFECCOES LTDA,CAMPINAS,6,1995,Sociedade Limitada
35213161400,STARGATE DESENVOLVIMENTO DE SOFTWARES COMERCIO E PRESTACAO DE SERVICOS LTDA,SAO PAULO,6,1995,Sociedade Limitada
35213161418,DUNEYDEISI INDUSTRIA E COMERCIO LTDA.,SAO PAULO,6,1995,Sociedade Limitada
35213161426,BAZAR E PAPELARIA JACUI LTDA.,SAO PAULO,6,1995,Sociedade Limitada
35213161434,FANTE'S CONFECCOES E COMERCIO LTDA.,SAO PAULO,6,1995,Sociedade Limitada
35213161442,GBF COMERCIAL LTDA.,SAO PAULO,6,1995,Sociedade Limitada
35213161451,NOVA ESTRELA COMERCIO E SERVICOS LTDA.,SAO PAULO,6,1995,Sociedade Limitada
35213161469,CASA DE REPOUSO ORQUIDEA LTDA,SAO PAULO,6,1995,Sociedade Limitada
35213162198,MARTINI & AIRES LTDA.,SAO JOSE DOS CAMPOS,6,1995,Sociedade Limitada
35213162201,W. R. FIALHO COMERCIO E REPRESENTACOES LTDA,LEME,6,1995,Sociedade Limitada
35213162210,M. C. ITAPE MODAS LTDA.,ITAPETININGA,6,1995,Sociedade Limitada
35213162228,MARCIO ANDRE GERALDO & CIA. LTDA.,MOCOCA,6,1995,Sociedade Limitada
35213162236,ICAR-FERREIRA AUTOMOVEIS LTDA.,AMERICANA,6,1995,Sociedade Limitada
35213162244,COMERCIO DE MATERIAIS PARA CONSTRUCAO SOUZA & PASSOS LTDA,JACUPIRANGA,6,1995,Sociedade Limitada
35213162252,SALVO & SALVO LTDA,SAO CARLOS,6,1995,Sociedade Limitada
35213162261,FUNERARIA SANTA RITA DE GUAIRA LTDA.,GUAIRA,6,1995,Sociedade Limitada
35213162279,ROQUE & ALVES REPRESENTACAO COMERCIAL DE PRODUTOS ALIMENTICIOS LTDA.,SAO PAULO,6,1995,Sociedade Limitada
35213162287,M & P COMERCIO TELEMARKINT SERVICOS DE COMUNICACOES LTDA,SAO PAULO,6,1995,Sociedade Limitada
35213162295,BUFFET A TOCA ENCANTADA LTDA.,SAO PAULO,6,1995,Sociedade Limitada
35213162309,PODIUMGRAF ACABAMENTOS E SERVICOS ESPECIAIS LTDA.,SAO PAULO,6,1995,Sociedade Limitada
35213162317,HALI LANCHETERIA LTDA.,SAO PAULO,6,1995,Sociedade Limitada
35213162431,IMPRY JETT CARTUCHOS E MAQUINAS LTDA,SAO JOSE DO RIO PRETO,6,1995,Sociedade Limitada
35213162449,NELMAX REPRESENTACOES COMERCIAI LTDA,SAO JOSE DO RIO PRETO,6,1995,Sociedade Limitada
35213162457,LAGE FERREIRA & FERREIRA LTDA,SAO JOSE DO RIO PRETO,6,1995,Sociedade Limitada
35213162465,COMERCIAL COSTABRAS LTDA,SAO PAULO,6,1995,Sociedade Limitada
35213162473,DINAMICA CENTRO AUTOMOTIVO LTDA,SAO PAULO,6,1995,Sociedade Limitada
35213162481,GARCIA & VILANI REPRESENTACOES COMERCIAIS LTDA.,SAO JOSE DO RIO PRETO,6,1995,Sociedade Limitada
35213162490,MASSUCO & RIBEIRO LTDA.,SAO JOSE DO RIO PRETO,6,1995,Sociedade Limitada
35213162503,ICOGESMA COMERCIO DE GESSO LTDA,MOGI-GUACU,6,1995,Sociedade Limitada
35213162511,MEIBACH & MEIBACH LTDA.,SAO CARLOS,6,1995,Sociedade Limitada
35213163062,SANPAR ADMINISTRACAO DE NEGOCIOS LTDA,SANTANA DE PARNAIBA,6,1995,Sociedade Limitada
35213163071,REFLEXION REPRESENTACOES LTDA.,GUARUJA,6,1995,Sociedade Limitada
35213163089,ALNAD ELETRICO ELETRONICO LTDA.,SAO PAULO,6,1995,Sociedade Limitada
35213163097,PHILADELPHIA CHOPP LTDA.,SAO PAULO,6,1995,Sociedade Limitada
35213163101,CEREALISTA SALLUM COMERCIO DE PRODUTOS ALIMENTICIOS LTDA.,SAO CARLOS,6,1995,Sociedade Limitada
35213163119,ARAUJO E FILHO REPRESENTACOES LTDA.,SANTA ROSA DE VITERBO,6,1995,Sociedade Limitada
35213163127,BORDADOS CENTENARIO LTDA.,SAO PAULO,6,1995,Sociedade Limitada
35213163135,CRISBEL INDUSTRIA E COMERCIO DE CONFECCOES LTDA.,AVARE,6,1995,Sociedade Limitada
35213163143,PORTELLA CENTER CAR VEICULOS LTDA.,SAO CAETANO DO SUL,6,1995,Sociedade Limitada
35213163151,ACQUACOLOR INDUSTRIA E COMERCIO DE OBJETOS DECORATIVOS LTDA,OSASCO,6,1995,Sociedade Limitada
35213163437,PANIFICADORA TEREZONI & VELOSO LTDA,TERRA ROXA,6,1995,Sociedade Limitada
35213163445,AREIA BRANCA FARMACIA DE MANIPULACAO HOMEOPATICA LTDA.,SAO PAULO,6,1995,Sociedade Limitada
35213163453,JR DIAS COMERCIO DE DOCES E BOLACHAS LTDA.,GUARULHOS,6,1995,Sociedade Limitada
35213163461,CALIMAN TELECOM SOLUCOES ELETRICA E ELETRONICA LTDA.,SAO PAULO,6,1995,Sociedade Limitada
35213163470,AUTO MECANICA ELOS DE SAO CAETANO DO SUL LTDA.,SAO CAETANO DO SUL,6,1995,Sociedade Limitada
35213163488,SANTOS & GIGLIOTTI LTDA.,BARRA BONITA,6,1995,Sociedade Limitada
35213163496,BATERLIGHT COMERCIO DE BATERIAS LTDA.,SAO BERNARDO DO CAMPO,6,1995,Sociedade Limitada
35213163500,RUBBERFLON VALVULAS E VEDACOES INDUSTRIAIS LTDA.,SAO PAULO,6,1995,Sociedade Limitada
35213163518,GEDAL'S CONFECCOES LTDA.,SAO PAULO,6,1995,Sociedade Limitada
35213163526,CONSTRUTORA IMAGINE LTDA.,SAO PAULO,6,1995,Sociedade Limitada
35213163534,BOCCHI & VIANA LTDA.,JALES,6,1995,Sociedade Limitada
35213163542,H R COMERCIO DE EMBALAGEM LTDA.,SOROCABA,6,1995,Sociedade Limitada
35213163551,RELAX DRIN'K BAR LTDA.,SOROCABA,6,1995,Sociedade Limitada
35213163569,TRADEWELL COMERCIAL LTDA.,SAO PAULO,6,1995,Sociedade Limitada
35213163577,FOTON COMERCIAL LTDA.,SAO PAULO,6,1995,Sociedade Limitada
35213163585,CONFECCOES LE TRU LTDA,SAO PAULO,6,1995,Sociedade Limitada
35213163593,WIVI PIAGI CREACOES DE MODA LTDA,SAO PAULO,6,1995,Sociedade Limitada
35213163607,CORACA COMERCIO E REPRESENTACOES LTDA,SAO PAULO,6,1995,Sociedade Limitada
35213163615,GOMES PINHO E BERNARDO LTDA,SANTA CRUZ DO RIO PARDO,6,1995,Sociedade Limitada
35213163623,VICK'S RECURSOS HUMANOS LTDA.,EMBU,6,1995,Sociedade Limitada
35213163631,TITHA INDUSTRIA E COMERCIO LTDA,SAO PAULO,6,1995,Sociedade Limitada
35213163640,PAES DOCES SANTHIAGO LTDA.,GUARULHOS,6,1995,Sociedade Limitada
35213163658,COMERCIAL IMOBILIARIA WAGNER LTDA.,SAO PAULO,6,1995,Sociedade Limitada
35213163666,BRECHO D' LA COMERCIO DE ROUPAS E ACESSORIOS LTDA,SAO PAULO,6,1995,Sociedade Limitada
35213163780,CICLO VELOZ COMERCIO E SERVICOS LTDA.,OSASCO,6,1995,Sociedade Limitada
35213163798,AGENCIA DE VIAGENS E TURISMO TIA LU LTDA.,SAO PAULO,6,1995,Sociedade Limitada
35213163801,KUKALOKA COMERCIAL LTDA.,JUNDIAI,6,1995,Sociedade Limitada
35213163810,BAZAR GALHARDO LTDA.,SAO PAULO,6,1995,Sociedade Limitada
35213163828,AIR TROPICAL EXPRESS TRANSPORTES LTDA.,SAO PAULO,6,1995,Sociedade Limitada
35213163836,GESSO PERLY,SAO PAULO,6,1995,Sociedade Limitada
35213163844,DSL COMERCIO DE EMBALAGENS LTDA.,SAO PAULO,6,1995,Sociedade Limitada
35213163852,ALE PRESENTES LTDA.,COTIA,6,1995,Sociedade Limitada
35213163861,CONFECCOES SAUDE LTDA.,SAO PAULO,6,1995,Sociedade Limitada
35213163879,SPORTS PERSONAL SERVICE - NEGOCIOS - ADMINISTRACAO LTDA.,SANTOS,6,1995,Sociedade Limitada
35213163887,L.C.M. COMERCIO E SERVICOS DE INFORMATICA LTDA.,SANTOS,6,1995,Sociedade Limitada
35213163895,"WAL. VA. - COMERCIO, PROJETOS E CONSULTORIA LTDA.",SAO VICENTE,6,1995,Sociedade Limitada
35213163909,"STEP - COMERCIO, PROJETOS E CONSULTORIA LTDA.",SAO VICENTE,6,1995,Sociedade Limitada
35213163917,LITORAL GUARUJA IOGURTES FRIOS E DERIVADOS LTDA.,GUARUJA,6,1995,Sociedade Limitada
35213163925,JAT NEGOCIOS E ASSESSORIA LTDA,ARARAQUARA,6,1995,Sociedade Limitada
35213163933,MERCADINHO JOTA JOTA LTDA,MATAO,6,1995,Sociedade Limitada
35213163941,LYRA CONSTRUTORA E INCORPORADORA LTDA.,JAU,6,1995,Sociedade Limitada
35213163950,DIVINA LUZ TRANSPORTES RODOVIARIOS LTDA.,ARARAQUARA,6,1995,Sociedade Limitada
35213163968,GUEDES & RONDON TUPA LTDA.,TUPA,6,1995,Sociedade Limitada
35213163976,CHIBANA & ALVES LTDA.,ARARAQUARA,6,1995,Sociedade Limitada
35213163984,D.P.G. AR CONDICIONADO LTDA,SANTOS,6,1995,Sociedade Limitada
35213163992,CBM DISTRIBUIDORA DE MATERIAIS FOTOGRAFICOS LTDA,SAO PAULO,6,1995,Sociedade Limitada
35213164000,BETINE GOZO & CIA LTDA - ME,IGARACU DO TIETE,6,1995,Sociedade Limitada
35213164018,GRAO DE AREIA SPORT WEAR LTDA.,SANTOS,6,1995,Sociedade Limitada
35213164026,TRANSPORTES E COMERCIO VISA-MAR LTDA.,SANTOS,6,1995,Sociedade Limitada
35213164034,BARRELA & TEIXEIRA LANCHES LTDA,SANTOS,6,1995,Sociedade Limitada
35213164042,THE WINNER'S CORRETORA DE SEGUROS LTDA.,SAO PAULO,6,1995,Sociedade Limitada
35213164051,MONTEREY COMERCIO DE PRODUTOS ALIMENTICIOS LTDA.,SAO PAULO,6,1995,Sociedade Limitada
35213164069,CASA DE CARNES PAPINI LTDA.,SAO PAULO,6,1995,Sociedade Limitada
35213164077,ANTONY PETER PANIFICADORA LTDA.,GUARULHOS,6,1995,Sociedade Limitada
35213164085,PERTH COMERCIO E CONFECCOES LTDA,SAO PAULO,6,1995,Sociedade Limitada
35213164093,"KRF COMERCIAL,EXPORTADORA E IMPORTADORA LTDA.",SAO PAULO,6,1995,Sociedade Limitada
35213164107,MAXI-FORMA LTDA.,TABOAO DA SERRA,6,1995,Sociedade Limitada
35213164115,TRIPOLLI DISTRIBUIDORA DE CARNES E MIUDOS LTDA.,SAO PAULO,6,1995,Sociedade Limitada
35213164395,NETCOMP INFORMATICA LTDA,SAO PAULO,6,1995,Sociedade Limitada
35213164409,TRICURY PARTICIPACOES LTDA.,SAO PAULO,6,1995,Sociedade Limitada
35213164417,NORTHLAND AGENCIA MARITIMA E APOIO PORTUARIO LTDA,SANTOS,6,1995,Sociedade Limitada
35213164425,KACTU'S MADEIRAS LTDA,SAO PAULO,6,1995,Sociedade Limitada
35213164433,JAG COMERCIO DE DECORACAO E INFORMATICA LTDA,SAO PAULO,6,1995,Sociedade Limitada
35213164441,SKILLED EVENTOS PROMOCIONAIS LTDA,SAO BERNARDO DO CAMPO,6,1995,Sociedade Limitada
35213164450,NOVA TELECOM COMERCIO E SERVICOS LTDA.,SAO PAULO,6,1995,Sociedade Limitada
35213164468,BFC COMERCIO DE PRODUTOS ALIMENTICIOS LTDA.,SAO PAULO,6,1995,Sociedade Limitada
35213164476,BOMBONIERE RECANTO DAS GULOSEIMAS LTDA.,SAO PAULO,6,1995,Sociedade Limitada
35213164484,MOLD ART'S INDUSTRIA E COMERCIO DE ARTEFATOS DE CIMENTO LTDA.,MOGI DAS CRUZES,6,1995,Sociedade Limitada
35213164492,CZARINA COSMETICOS E PRESENTES LTDA.,SAO PAULO,6,1995,Sociedade Limitada
35213164506,ANTIGUIDADE NARSHEZAN COMERCIO DE OBJETO DE ARTE LTDA.,SAO PAULO,6,1995,Sociedade Limitada
35213164514,KI-TAL BLOCOS INDUSTRIA E COMERCIO DE ARTEFATOS DE CIMENTO LTDA.,SAO PAULO,6,1995,Sociedade Limitada
35213164522,CLAUBELI MODA MASCULINA LTDA.,RIO CLARO,6,1995,Sociedade Limitada
35213164531,MABRUK LANCHES MANIA E RESTAURANTE LTDA.,SAO PAULO,6,1995,Sociedade Limitada
35213164549,EASY CALL COMERCIO EM TELECOMUNICACOES LTDA.,SAO PAULO,6,1995,Sociedade Limitada
35213164557,FAST SAT COMERCIAL LTDA,SAO PAULO,6,1995,Sociedade Limitada
35213164565,MONACO DIVERSOES ELETRONICAS LTDA.,BARUERI,6,1995,Sociedade Limitada
35213164573,M.C.A. PAES E DOCES LTDA.,SANTO ANDRE,6,1995,Sociedade Limitada
35213164581,MINIMERCADO MACROFUR LTDA.,SAO PAULO,6,1995,Sociedade Limitada
35213164590,ARCROM AR CONDICIONADO LTDA,SAO PAULO,6,1995,Sociedade Limitada
35213164603,HADLA MOVEIS E DECORACOES LTDA,SAO PAULO,6,1995,Sociedade Limitada
35213164611,PALHARIN & PALHARIN LTDA,PEDERNEIRAS,6,1995,Sociedade Limitada
35213164620,RIBEIRO & SANTOS LTDA,BAURU,6,1995,Sociedade Limitada
35213164638,R.C. PAN LTDA,SAO PAULO,6,1995,Sociedade Limitada
35213164646,EXPRESSO MARAJOARA LTDA,SAO PAULO,6,1995,Sociedade Limitada
35213164654,COMERCIAL ELETRICA LAUDAN LTDA,SAO PAULO,6,1995,Sociedade Limitada
35213164662,BRIGHT COMERCIO DE EQUIPAMENTOS E ACESSORIOS PARA INFORMATICA LTDA.,SAO PAULO,6,1995,Sociedade Limitada
35213164671,PEIXARIA DO CONDE COMERCIO DE PESCADOS LTDA.,SAO PAULO,6,1995,Sociedade Limitada
35213164697,GFS CONSTRUCAO CIVIL LTDA,FRANCISCO MORATO,6,1995,Sociedade Limitada
35213164701,ORION IMPORTACAO E EXPORTACAO LTDA.,SAO PAULO,6,1995,Sociedade Limitada
35213164719,STAR HOSS INDUSTRIA E COMERCIO LTDA.,SAO PAULO,6,1995,Sociedade Limitada
35213164727,PANIFICADORA E CONFEITARIA SILVARES LTDA,BIRIGUI,6,1995,Sociedade Limitada
35213164981,WTC - ASSESSORIA INTERNACIONAL LTDA.,SAO PAULO,6,1995,Sociedade Limitada
35213164999,CASA HEISEI COMERCIAL LTDA,SAO BERNARDO DO CAMPO,6,1995,Sociedade Limitada
35213165006,W. NET COMERCIO E SERVICOS LTDA,SAO PAULO,6,1995,Sociedade Limitada
35213165014,R. PRETO COMERCIO E CONFECCOES LTDA,SAO PAULO,6,1995,Sociedade Limitada
35213165022,CONFECCOES OESNIL LTDA.,SAO PAULO,6,1995,Sociedade Limitada
35213165031,JEU-EMPREITEIRA DE CONSTRUCAO CIVIL LTDA.,SAO PAULO,6,1995,Sociedade Limitada
35213165049,S. M. B. GUTIERREZ & CIA LTDA,GALIA,6,1995,Sociedade Limitada
35213165057,FRIGOLIDER LTDA.,SAO PAULO,6,1995,Sociedade Limitada
35213165316,VIVA SAO PAULO VISTORIA E INSPECAO DE VEICULOS AUTOMOTORES LTDA.,SAO PAULO,6,1995,Sociedade Limitada
35213165324,CASTEL IMPORT COMERCIAL IMPORTADORA E EXPORTADORA LTDA.,SAO PAULO,6,1995,Sociedade Limitada
35213165332,BELA VISTA COMERCIO DE ALIMENTOS LTDA.,SAO PAULO,6,1995,Sociedade Limitada
35213165341,REI-POR PORCAS ESTAMPADAS LTDA.,GUARULHOS,6,1995,Sociedade Limitada
35213165359,CONSTRUHOME COMERCIO DE MATERIAIS PARA CONSTRUCAO LTDA.,SAO PAULO,6,1995,Sociedade Limitada
35213165367,FONTE DA NATUREZA PRODUTOS NATURAIS LTDA.,SANTOS,6,1995,Sociedade Limitada
35213165375,CONFECCOES MARAMEL KID S LTDA,SAO PAULO,6,1995,Sociedade Limitada
35213165383,PE-RAPADO CONFECCOES DE ROUPAS LTDA.,SAO BERNARDO DO CAMPO,6,1995,Sociedade Limitada
35213165391,MORA SANCHES INDUSTRIA E COMERCIO DE ARTEFATOS DE PAPEL LTDA.,SAO CAETANO DO SUL,6,1995,Sociedade Limitada
35213165405,SANTA BARBARA COMERCIO DE ALIMENTOS LTDA.,BARUERI,6,1995,Sociedade Limitada
35213165413,TINTAS NOVO SECULO LTDA.,SAO PAULO,6,1995,Sociedade Limitada
35213165421,MERCADINHO TEIXEIRA DE DIADEMA LTDA.,DIADEMA,6,1995,Sociedade Limitada
35213165430,R. AMARAL COMERCIO E REPRESENTACOES LTDA.,SAO PAULO,6,1995,Sociedade Limitada
35213166118,COMERCIAL PRANDI LTDA,SANTOS,6,1995,Sociedade Limitada
35213166151,ONIX COMERCIO DE MAQUINAS E MOTORES LTDA,ARARAQUARA,6,1995,Sociedade Limitada
35213168544,LUDIM'S COMERCIO REPRESENTACAO LTDA,SAO PAULO,6,1995,Sociedade Limitada
35213169109,STATUS PUBLICIDADE E PROPAGANDA LTDA.,SANTOS,6,1995,Sociedade Limitada
35213169940,ARROTEIA VIAGENS E TURISMO BARIRI LTDA.,BARIRI,6,1995,Sociedade Limitada
35213171065,LITTLE HEARTS PRODUTOS E ACESSORIOS INFANTIS LTDA.,SAO PAULO,6,1995,Sociedade Limitada
35213171090,MALUSCA CONFECCOES LTDA.,SAO PAULO,6,1995,Sociedade Limitada
35213174609,SIMONAKA & IKEDA FAST FOODS LTDA,SAO BERNARDO DO CAMPO,6,1995,Sociedade Limitada
35213176873,PERTEC INDUSTRIA METALURGICA LTDA.,DIADEMA,6,1995,Sociedade Limitada
35213178744,ISOARCAMP REFRIGERACAO COMERCIO E SERVICOS LTDA.,CAMPINAS,6,1995,Sociedade Limitada
35213178752,VARIANT INDUSTRIA E COMERCIO DE ARMARIOS LTDA,SAO PAULO,6,1995,Sociedade Limitada
35213178779,EDITORA DE GUIAS FACIL DE ACHAR LTDA,CAMPINAS,6,1995,Sociedade Limitada
35213178809,CCP-CENTRAL CAMPINAS PROPAGANDA LTDA.,CAMPINAS,6,1995,Sociedade Limitada
35213178817,GUIMARAES MINI VEICULOS MOTORIZADOS LTDA,BRAGANCA PAULISTA,6,1995,Sociedade Limitada
35213179180,FARMAPROD ADMINISTRACAO E SERVICOS LTDA.,SAO PAULO,6,1995,Sociedade Limitada
35213179813,VIA VITORIA RESTAURANTE E BUFFET LTDA.,OSASCO,6,1995,Sociedade Limitada
35213181125,LEONILDO TUON E CIA. LTDA.,SANTA CRUZ DAS PALMEIRAS,6,1995,Sociedade Limitada
35213183438,FEFER-BAURU COMERCIO E REPRESENTACOES LTDA.,BAURU,6,1995,Sociedade Limitada
35213185864,SANTOS ROSA SERVICOS DE ENTREGA LTDA,SAO PAULO,6,1995,Sociedade Limitada
35213186534,AMERENO COMERCIO SERVICOS DE INFORMATICA LTDA.,PIRAPORA DO BOM JESUS,6,1995,Sociedade Limitada
35213186992,VASCON SERVICOS E COMERCIO PARA INFORMATICA LTDA.,COTIA,6,1995,Sociedade Limitada
35213187131,VASCONCELOS & MARQUES REPRESENTACOES LTDA.,IPERO,6,1995,Sociedade Limitada
35213194570,SQC DO BRASIL COMERCIAL LTDA.,SAO PAULO,6,1995,Sociedade Limitada
35213196386,CONTROL TRACK CINE & VIDEO LTDA.,SANTANA DE PARNAIBA,6,1995,Sociedade Limitada
35213204389,DELISE - COMERCIAL E DISTRIBUIDORA LTDA,SANTOS,6,1995,Sociedade Limitada
35213220881,CEW COMERCIO DE ARTIGOS DE PAPELARIA LTDA.,SAO PAULO,6,1995,Sociedade Limitada
35213221275,SIVAG COMERCIO DE MATERIAIS DE CONSTRUCAO LTDA.,SAO PAULO,6,1995,Sociedade Limitada
35213221844,SEGURICAR CORRETORA DE SEGUROS ITAPIRA LTDA.,ITAPIRA,6,1995,Sociedade Limitada
35213222735,ELDORADO EMPREITEIRA LTDA.,SAO PAULO,6,1995,Sociedade Limitada
35213236469,A. M. SALEMI & CIA. LTDA.,SANTOS,6,1995,Sociedade Limitada
35213308397,LOUVRE LAR INDUSTRIA E COMERCIO DE MOVEIS LTDA.,SAO BERNARDO DO CAMPO,6,1995,Sociedade Limitada
35213336056,LANCHONETE WILSON & FATIMA LTDA.,SANTOS,6,1995,Sociedade Limitada
35213359056,J.I. COMERCIO DE COBERTURAS E MONTAGENS LTDA.,SAO PAULO,6,1995,Sociedade Limitada
35213533170,RIGOR AGENCIAMENTO DE CARGAS LTDA.,SAO PAULO,6,1995,Sociedade Limitada
35213555092,CONSTRUTORA FRANCHINI LTDA,SAO BERNARDO DO CAMPO,6,1995,Sociedade Limitada
35214014958,C M V COMPUTERS SUPRIMENTOS DE INFORMATICA LTDA.,SAO PAULO,6,1995,Sociedade Limitada
35215748700,MUSICAS E INSTRUMENTAIS CASA MANON LTDA.,SAO PAULO,6,1995,Sociedade Limitada
35216990334,VOKO PARTICIPACOES LTDA,BARUERI,6,1995,Sociedade Limitada
35217893154,MGC MACHADO E W MACHADO INDUSTRIAL LTDA.,SAO PAULO,6,1995,Sociedade Limitada
35231953258,KRONGOLD & LAVITEZ LTDA,SAO PAULO,6,1995,Sociedade Limitada
35400035803,CR PACIFICO - COOPERATIVA RESIDENCIAL,CAMPINAS,6,1995,Sociedade Limitada
35500022860,CONSORCIO METAGAS.,SAO PAULO,6,1995,Sociedade Limitada
